   0.0000000e+00   0.0000000e+00   0.0000000e+00   2.7755576e-17   0.0000000e+00   0.0000000e+00
  -4.7885621e-03  -2.6141170e-02  -9.8495782e-03   6.4348226e-04  -1.5306903e-05   7.1034258e-05
  -6.0607481e-04   7.1201460e-02   4.8892039e-02  -5.3024583e-04   8.1476459e-05   6.8545580e-05
  -3.2495977e-03  -1.2994614e-02   2.4718083e-03   9.0656340e-04   8.6818515e-05   2.6542253e-04
   1.0199260e-03   2.5214739e-02   3.8402975e-02   3.3530939e-04  -2.9584911e-05   3.3521095e-04
   1.3092397e-03   9.0914849e-03   3.7760136e-02   9.0354622e-04  -1.8296968e-04   5.6168408e-04
  -4.1298890e-03   2.6382339e-02   3.7588602e-02   3.6481125e-04   2.4206431e-05   5.6578524e-04
  -4.3683975e-03   7.1846069e-02   5.2205945e-02  -1.4609104e-04  -2.6369364e-05   5.6237038e-04
  -6.5472771e-03   1.3742319e-02   2.5831751e-02   2.5493529e-04   2.1499741e-05   6.2420641e-04
  -7.0861272e-03   5.0894290e-02   5.5412050e-02   1.0735523e-04   1.1787734e-05   5.6924055e-04
   1.4487953e-03   2.1594114e-02   4.3182100e-02   3.4196919e-04  -2.3138587e-04   6.2868266e-04
  -3.8166439e-03   3.4405974e-02   4.4792794e-02   4.4438371e-05  -5.6069839e-05   6.6455366e-04
   4.7117361e-03   2.5931657e-02   3.5606824e-02   9.7381735e-04  -3.1114074e-04   5.9060886e-04
  -2.9769676e-03  -1.2018692e-02   2.1263658e-02   4.8645274e-04  -2.2356375e-04   7.8266653e-04
   5.1288908e-03   6.0641384e-02   5.1822177e-02  -4.0501972e-04  -3.8868871e-04   8.8280072e-04
   1.2359237e-03   1.1937764e-02   2.6058762e-02   2.2534334e-05  -3.1362911e-04   9.6753883e-04
   4.5880519e-03   9.0669813e-02   5.5954998e-02   1.6033329e-04  -3.1545045e-04   7.0618426e-04
  -1.9033633e-03   4.7716978e-02   3.9912259e-02  -6.8550692e-05  -4.2586162e-04   9.2479721e-04
  -5.3183543e-03   7.3948586e-02   7.3618730e-02  -8.3744899e-04  -1.7009804e-04   9.9607576e-04
  -3.5196455e-03   4.7952005e-02   3.8087097e-02  -2.8164227e-05  -2.2940279e-04   6.1770296e-04
  -2.7733279e-03  -7.6491316e-04  -4.1561309e-03   4.5526970e-04  -3.6055936e-04   5.9161032e-04
   1.2952373e-03   5.6857368e-02   4.6463243e-02   1.8658502e-04  -4.3376271e-04   5.2450514e-04
   7.2938886e-03  -9.2694666e-03   3.8260449e-02   5.2127877e-04  -5.8666836e-04   6.7552643e-04
   7.8447160e-03  -4.0189838e-03   5.6199258e-02   1.1211550e-03  -5.7355024e-04   7.8041367e-04
   1.4801225e-02   3.4141467e-02   6.1586419e-02  -4.1895433e-04  -8.4471823e-04   1.0229320e-03
   7.4158466e-03   5.6274582e-02   8.0076659e-02  -6.7818935e-04  -6.6229072e-04   8.3998804e-04
   7.1633546e-03   4.2699581e-02   6.5168689e-02  -5.7064054e-04  -6.5103088e-04   8.9649798e-04
   2.5258578e-03   4.8882452e-02   5.2498375e-02  -6.9746620e-04  -5.6830418e-04   9.7923756e-04
   1.0220835e-02   6.1596640e-02   4.8361800e-02  -6.2548202e-04  -7.8393149e-04   8.3806420e-04
   3.5345968e-03  -1.1251779e-04   1.8018113e-02   1.0665623e-04  -6.3659597e-04   1.1686495e-03
   6.1201297e-03   6.2110994e-02   4.0512458e-02  -8.3126513e-04  -6.0927535e-04   1.0407020e-03
   6.9413930e-03   2.3184148e-02   4.8034722e-03  -4.3213241e-04  -5.6311894e-04   1.2354231e-03
   1.2137229e-02   5.9453923e-02   4.4867630e-02  -5.1759170e-04  -5.8188353e-04   1.0673283e-03
   1.6385400e-02   7.9451246e-03   1.7870672e-02   1.0501326e-04  -7.5212945e-04   1.1036784e-03
   1.3923117e-02   1.0259119e-02   2.7831115e-02   6.6220056e-04  -6.9802574e-04   9.9565731e-04
   1.1811261e-02   2.9564386e-02   4.1202789e-02  -2.4384902e-04  -8.2686865e-04   1.1995744e-03
   1.9725573e-02   3.9583617e-02   6.4203773e-02  -4.6951580e-04  -8.1190917e-04   1.0446592e-03
   2.5518214e-02   1.8591488e-03   4.3892527e-02   6.7812010e-05  -9.0200703e-04   1.1065721e-03
   2.5371820e-02   5.4336398e-02   6.1266236e-02  -1.6250084e-04  -9.0402345e-04   1.0654074e-03
   2.1397681e-02  -1.5193926e-02   2.4415221e-02   1.0374179e-03  -9.7392798e-04   1.1105268e-03
   2.4853572e-02   4.2946416e-02   5.2938519e-02   1.1408002e-04  -1.0593159e-03   1.0453643e-03
   2.5104775e-02   1.4491518e-02   3.4389070e-02  -1.6150529e-05  -1.0841990e-03   1.0709362e-03
   2.1111608e-02   1.0122334e-01   7.7495793e-02  -8.4306718e-04  -9.3489724e-04   9.5969730e-04
   1.7716615e-02   3.4264860e-02   3.5384795e-02  -5.2032020e-04  -8.8991296e-04   1.1081653e-03
   1.4081422e-02   9.6372501e-02   6.4984948e-02  -9.9578742e-04  -7.2332707e-04   1.0133275e-03
   1.6261665e-02   2.0258063e-02   5.9852427e-03   5.9454948e-04  -8.9090555e-04   1.1547266e-03
   1.3603594e-02   8.3762702e-02   2.0238509e-02  -1.3256446e-03  -8.1054949e-04   1.2359386e-03
   1.4405811e-02   4.3548322e-02   1.5693329e-04  -8.7567955e-04  -8.5265722e-04   1.1340996e-03
   1.1851976e-02   7.5000530e-02   2.7030678e-02  -9.9234607e-04  -6.5678618e-04   1.1013275e-03
   1.4658725e-02   1.6586433e-02   6.7583774e-03  -9.0898335e-04  -7.1814477e-04   1.2431127e-03
   1.9688449e-02   9.3963484e-02   5.5469191e-02  -1.1805489e-03  -7.9556060e-04   1.1198726e-03
   2.1271364e-02   4.5027855e-04   1.7208313e-02  -1.1758511e-04  -8.7414921e-04   1.3835762e-03
   2.6019248e-02   6.5763772e-02   5.6265665e-02  -6.1419373e-04  -1.0194647e-03   1.2568988e-03
   2.4765019e-02   2.0984708e-02   2.4253768e-02  -9.5364182e-04  -1.0721965e-03   1.2107378e-03
   2.2105681e-02   5.6241097e-02   4.7216031e-02  -1.0467862e-03  -9.6990429e-04   1.2373320e-03
   3.0602465e-02   4.4145868e-02   4.2210616e-02  -9.3181510e-04  -1.2241840e-03   1.2165576e-03
   2.3217897e-02   5.2028847e-02   3.6102037e-02  -9.4640418e-04  -9.5290670e-04   1.1891161e-03
   2.5692577e-02   1.0546627e-01   5.3530330e-02  -1.7814574e-03  -9.7435170e-04   1.3153945e-03
   1.8330188e-02   4.8540207e-02   2.0958685e-02  -1.3517625e-03  -7.6996487e-04   1.3285828e-03
   2.6332727e-02   7.7471230e-02   2.7956670e-02  -1.4291468e-03  -9.7428698e-04   1.1382635e-03
   1.9062902e-02   4.6750489e-02  -1.9279025e-03  -1.2096225e-03  -8.6423130e-04   1.3093039e-03
   2.3119563e-02   8.3685866e-02   3.2651682e-02  -1.4389764e-03  -9.8458977e-04   1.1327489e-03
   1.7244721e-02  -1.8895759e-03  -7.9031186e-03   1.3286205e-04  -9.7768379e-04   1.3549576e-03
   1.9235769e-02   8.1462618e-02   4.5957629e-02  -9.2551109e-04  -1.0614114e-03   1.2053007e-03
   1.9039501e-02   2.0874260e-02   2.2735831e-02  -9.7197750e-04  -1.0844690e-03   1.3159024e-03
   1.7079944e-02   1.0396210e-01   4.3366835e-02  -1.5624556e-03  -1.0712721e-03   1.0699745e-03
   2.4230992e-02   3.7866452e-02  -5.3032149e-03  -5.0850475e-04  -1.1822112e-03   1.0754272e-03
   2.2813848e-02   7.2424399e-02   6.8150452e-03  -6.0071033e-04  -1.1287648e-03   1.0394298e-03
   2.8107526e-02   6.8036304e-02   1.6090800e-02  -1.5111131e-03  -1.2329144e-03   1.0172748e-03
   1.5529046e-02   9.3698394e-02   2.4242103e-03  -2.0917409e-03  -1.0331884e-03   1.5090912e-03
   2.1275192e-02   1.1431278e-01   3.5610253e-02  -1.9829227e-03  -1.1788123e-03   1.3753006e-03
   1.3929694e-02   7.1289112e-02   4.6522691e-03  -1.5829382e-03  -1.0675742e-03   1.4088260e-03
   1.8468853e-02   1.1685746e-01   4.2624676e-02  -1.6251440e-03  -1.1694096e-03   1.2362553e-03
   1.9807552e-02   1.5719673e-02  -4.1856682e-03   3.6009679e-05  -1.2857287e-03   1.3129154e-03
   2.2747394e-02   1.0627501e-01   5.4918759e-02  -1.6719367e-03  -1.2918000e-03   1.0713027e-03
   9.3603888e-03   3.6996105e-02   2.2404420e-02  -1.3623552e-03  -9.8084526e-04   1.3785625e-03
   1.7009430e-02   1.4347421e-01   5.7285767e-02  -1.9869342e-03  -1.0357338e-03   1.4926395e-03
   5.6332233e-03   4.2993912e-02   9.7294253e-03  -1.3518852e-03  -7.4519327e-04   1.6369347e-03
   1.2999326e-02   1.3482424e-01   8.2677875e-02  -1.6655215e-03  -8.0499444e-04   1.5450774e-03
   9.0970313e-03   3.5656349e-02   2.1486844e-02  -2.1805645e-04  -6.2493248e-04   1.8736591e-03
   5.4944913e-03   1.0357329e-01   6.3943291e-02  -1.3990839e-03  -4.7041860e-04   1.8827115e-03
   1.6537126e-02   8.2156318e-02   2.3683777e-02  -1.3569295e-03  -7.9666607e-04   1.7967011e-03
   1.4527710e-02   8.5482818e-02   5.8327825e-02  -1.0680547e-03  -8.2994469e-04   1.7893361e-03
   1.0812644e-02   9.9242677e-02   9.2214949e-02  -1.1722521e-03  -9.0637414e-04   1.7370086e-03
   9.0851881e-03   5.1050253e-02   6.3444849e-02  -9.0628359e-04  -8.8777454e-04   2.0429665e-03
   1.3544042e-02   9.3258223e-02   9.6771202e-02  -1.1292570e-03  -9.7561951e-04   2.0220260e-03
   1.4376406e-02   6.9471289e-02   6.7639729e-02  -7.1670314e-04  -9.7915591e-04   2.2467383e-03
   1.1979287e-02   8.8637462e-02   6.5472891e-02  -1.3665434e-03  -8.2535993e-04   2.2308836e-03
   1.4739274e-02   1.1538333e-01   7.4929861e-02  -1.5138318e-03  -9.9896460e-04   2.2383624e-03
   9.8630205e-03   5.6461720e-02   3.6306441e-02  -9.4948090e-04  -1.0202350e-03   2.4947575e-03
   1.3517059e-02   1.0767437e-01   8.0112771e-02  -9.7306761e-04  -1.2299392e-03   2.1608585e-03
   1.6859737e-02   2.3983665e-02   4.0659387e-02   2.4875774e-04  -1.5270679e-03   2.3257356e-03
   5.1471633e-03   1.4148632e-01   8.7943141e-02  -1.8637303e-03  -1.1850098e-03   2.3353506e-03
   1.3859513e-02   7.5383724e-02   6.5859125e-02  -1.2478962e-03  -1.3979199e-03   2.4435527e-03
   1.4888556e-02   6.3955164e-02   6.2796114e-02  -1.0102159e-03  -1.3716765e-03   2.3952741e-03
   2.6817605e-02   7.1123348e-02   7.8757359e-02  -7.1242927e-04  -1.9462977e-03   2.3327729e-03
   1.9137338e-02   7.7637139e-02   4.8832810e-02  -1.0891240e-03  -1.9042705e-03   2.5080165e-03
   2.0937033e-02   8.2602992e-02   7.3605592e-02  -1.1322446e-03  -1.7570745e-03   2.3913129e-03
   2.4127626e-02   6.4486500e-02   5.0650569e-02  -6.7562370e-04  -1.9395454e-03   2.2745344e-03
   1.7185160e-02   5.0661190e-02   5.8950538e-02  -6.2833491e-04  -1.8193131e-03   2.3826694e-03
   2.4884256e-02   1.0290526e-01   9.0649197e-02  -1.0612547e-03  -1.9908403e-03   2.1916882e-03
   2.0200650e-02   6.2578620e-02   3.8712708e-02  -7.4760634e-04  -1.9996486e-03   2.2099420e-03
   2.3012634e-02   1.0152958e-01   6.8585496e-02  -9.1019525e-04  -2.1033687e-03   2.1177687e-03
   2.2991309e-02   4.9591382e-02   3.8450703e-02  -9.2357262e-04  -2.2150804e-03   2.2957732e-03
   3.0591233e-02   7.9581084e-02   8.1462249e-02  -6.7764134e-04  -2.1958490e-03   2.0643555e-03
   3.1968322e-02   9.6491943e-02   7.2365797e-02  -1.2245874e-03  -2.2747785e-03   1.9242272e-03
   2.5639167e-02   7.0070989e-02   4.5070467e-02  -7.3976156e-04  -2.2085601e-03   1.9717913e-03
   2.3779489e-02   1.1693726e-01   7.9945624e-02  -9.0549697e-04  -2.3646010e-03   1.8795683e-03
   1.9078745e-02   7.4636067e-02   5.3019972e-02  -7.2297865e-04  -2.2842129e-03   2.2599529e-03
   3.1556163e-02   1.0270269e-01   9.0669439e-02  -6.5735090e-04  -2.4720074e-03   1.8557526e-03
   3.5129124e-02   8.7645964e-02   7.2460776e-02  -1.0859616e-03  -2.3540896e-03   1.9053326e-03
   3.9835364e-02   8.1140941e-02   5.4170744e-02  -1.0131294e-03  -2.3686199e-03   2.1108487e-03
   3.8674557e-02   1.1192736e-01   8.5747099e-02  -1.0090592e-03  -2.3829652e-03   2.0718830e-03
   4.0237157e-02   3.8113025e-02   4.2024046e-02   1.9102751e-04  -2.5891257e-03   2.2322825e-03
   3.7946339e-02   1.0226389e-01   9.3851865e-02  -9.3384163e-04  -2.5805542e-03   2.1814254e-03
   3.4811876e-02   8.9491587e-02   6.8700881e-02  -9.8507257e-04  -2.5804722e-03   1.9606619e-03
   2.9013337e-02   8.9408122e-02   5.1282584e-02  -8.3631042e-04  -2.6365310e-03   1.9716265e-03
   2.7870469e-02   7.2127570e-02   6.7537673e-02   1.9454762e-04  -2.7951799e-03   1.8974998e-03
   3.2579112e-02   5.2803688e-02   5.5249470e-02   1.4271545e-04  -2.8608607e-03   1.9482630e-03
   2.2711555e-02   9.2262739e-02   7.5473176e-02   2.4893235e-04  -2.5636655e-03   1.8412100e-03
   3.0685553e-02   7.8517953e-02   5.2199674e-02  -6.7249117e-04  -2.9943485e-03   1.7434649e-03
   2.6213092e-02   6.2408870e-02   5.8855787e-02  -5.2923724e-04  -2.8597849e-03   1.7973236e-03
   2.9228360e-02   1.1164808e-01   8.1778932e-02  -1.1754984e-03  -2.8726346e-03   1.7799577e-03
   3.5847035e-02   6.6329077e-02   3.6327496e-02  -6.7532211e-04  -3.0515143e-03   1.8904348e-03
   3.7085352e-02   7.2770112e-02   5.5336234e-02   2.3534067e-04  -2.9692373e-03   1.8465065e-03
   3.5031040e-02   3.6133611e-02   3.3390898e-02   2.1809991e-04  -3.0808556e-03   1.9139296e-03
   3.5128549e-02   1.2090731e-01   7.2854544e-02  -1.0950212e-03  -2.8054822e-03   1.8074612e-03
   4.0768604e-02   7.7458112e-02   4.1703239e-02  -7.3536603e-04  -3.0461760e-03   1.7499401e-03
   3.1390185e-02   4.8178137e-02   2.8350102e-02  -2.6363862e-04  -3.0318411e-03   1.8696374e-03
   4.1935382e-02   9.9674594e-02   7.1195883e-02  -6.8824537e-04  -3.2782924e-03   1.7114471e-03
   3.5846170e-02   2.2993784e-02   2.3473491e-02   7.5388094e-04  -3.0506473e-03   1.8811062e-03
   3.4594175e-02   1.0133805e-01   6.7319985e-02  -6.9649694e-04  -2.9868460e-03   1.8603744e-03
   3.6365299e-02   6.2726866e-02   3.9341833e-02  -4.1146502e-04  -3.1313235e-03   1.8203688e-03
   3.5966774e-02   6.3106252e-02   5.1785275e-02  -2.9242786e-04  -3.2022317e-03   1.8509011e-03
   4.1000549e-02   1.0784135e-01   6.2590579e-02  -6.3224230e-04  -3.2371912e-03   1.7273598e-03
   3.9934089e-02   3.7396068e-02   3.2055078e-02  -1.9307486e-06  -3.2644091e-03   1.9596742e-03
   4.5841101e-02   1.1381237e-01   8.7643342e-02  -3.2153740e-04  -3.4177265e-03   1.8648508e-03
   3.5024987e-02   6.5077561e-02   6.1023278e-02  -1.4909382e-04  -3.2414801e-03   1.8877883e-03
   3.4524357e-02   1.0233348e-01   8.0696046e-02  -4.1669294e-04  -3.2505888e-03   1.7953026e-03
   4.1473571e-02   5.9144698e-02   6.3949518e-02  -5.6545014e-05  -3.4086113e-03   1.7837781e-03
   3.6995205e-02   7.6687588e-02   6.9252100e-02  -2.1629981e-04  -3.1674784e-03   1.9335083e-03
   4.0753066e-02   6.6867889e-02   6.4787515e-02   8.0071510e-04  -3.3206640e-03   1.8465634e-03
   4.0581185e-02   3.1347174e-02   5.6862972e-02   2.5855680e-04  -3.3848605e-03   1.8850944e-03
   3.8184922e-02   1.1148812e-01   1.0149901e-01  -4.7666247e-04  -3.3329118e-03   1.8217028e-03
   4.4097159e-02   5.4437253e-02   5.4786672e-02  -1.5682136e-04  -3.3777402e-03   1.8288198e-03
   4.3524042e-02   8.3034185e-02   7.6647828e-02  -3.7185081e-04  -3.3401615e-03   1.8511307e-03
   4.5232140e-02   6.7369290e-02   7.0882304e-02  -1.9612009e-04  -3.4845590e-03   2.0523049e-03
   4.0353936e-02   8.5337256e-02   6.2677257e-02  -3.2014499e-04  -3.2144457e-03   1.7577473e-03
   5.1759340e-02   8.9138482e-02   8.2627296e-02  -5.9677966e-05  -3.4955681e-03   1.7843366e-03
   4.0807377e-02   4.0869120e-02   5.3762896e-02   3.0740311e-04  -3.2618440e-03   1.8726023e-03
   4.1892871e-02   1.1866362e-01   1.1238087e-01  -5.3852764e-04  -3.2193571e-03   1.9384794e-03
   4.4999096e-02   6.1653919e-02   5.1878677e-02  -5.2002686e-05  -3.1567087e-03   1.8575690e-03
