   0.0000000e+00   0.0000000e+00   0.0000000e+00   0.0000000e+00   0.0000000e+00   1.7347235e-18
  -3.9568666e-04  -5.1723083e-02  -6.6208177e-03   9.6268485e-04  -1.5409215e-04   1.5588613e-04
  -3.8947552e-03  -1.0948705e-02   2.0096750e-02   1.1002056e-03   2.5085785e-05   3.8421615e-04
  -2.1127504e-03  -4.7471039e-02   3.8674490e-03   1.4620438e-03  -1.9875806e-05   1.9766755e-04
   3.8743316e-03  -3.3991982e-03   2.0169293e-02   1.4021839e-03  -1.6825642e-04   2.3037447e-04
   3.2992371e-03   1.9866907e-02   2.4015443e-02   7.4893317e-04  -1.5732155e-04   3.1473865e-04
   2.4190198e-03  -1.8634348e-02  -8.1649894e-04   1.5060638e-03  -1.6522079e-04   4.1292010e-04
  -1.6882673e-03   2.5979849e-02   1.8290233e-02   1.2960726e-03  -1.6138904e-04   7.1723726e-04
  -6.8634983e-03  -2.8860679e-02  -2.7924346e-03   1.3637493e-03  -5.8647192e-05   4.7967514e-04
  -1.6325829e-03   2.7388971e-02   3.0885368e-02   1.0334076e-03  -1.3631627e-04   3.0013852e-04
  -6.2402467e-03  -4.2255130e-02   4.7508209e-02   1.3028441e-03   1.3128014e-04   5.8217310e-05
   3.8625814e-03   1.1152542e-01   7.8628985e-02  -8.6792254e-04  -6.0259534e-05  -4.4079025e-05
   1.3253524e-02   4.9515165e-02   5.8503628e-02   1.2992537e-03  -4.1314045e-04   7.5094139e-05
   2.1033678e-02   9.8387119e-02   9.0202016e-02   3.4492855e-04  -6.6788232e-04   3.0512259e-05
   1.6237207e-02   1.0477882e-01   1.0811149e-01  -2.3230848e-04  -4.5899391e-04   6.7476542e-05
   2.2827528e-02   1.0060041e-01   1.2647676e-01  -5.2638860e-05  -6.7438349e-04   1.5604048e-04
   1.6902743e-02   6.4219336e-02   1.1339901e-01   3.1537761e-04  -5.0994817e-04   2.5280290e-04
   1.9850062e-02   1.0725269e-01   1.4361914e-01   2.3779592e-04  -6.0436078e-04   2.7511220e-04
   2.5603687e-02   8.2955464e-02   1.2179949e-01   5.5194222e-04  -8.1393315e-04  -3.2198109e-05
   1.9759084e-02   8.1664374e-02   1.0740198e-01   6.0280593e-04  -6.3679457e-04  -2.3666056e-05
   1.8143759e-02   1.3094400e-01   1.4505842e-01  -2.4994743e-04  -5.1377685e-04   9.0788966e-05
   2.7503163e-02   8.1722823e-02   1.0622560e-01   3.8175453e-04  -7.0818716e-04   1.5276114e-05
   1.9421283e-02   4.1283295e-02   9.7094561e-02   8.4181080e-04  -6.6623094e-04   1.2662699e-04
   1.7750926e-02   1.0004308e-01   1.1760454e-01   1.3771717e-03  -7.4313773e-04  -5.5022485e-05
   2.1301112e-02   6.4536775e-02   1.1327397e-01   6.6866647e-04  -9.1847385e-04   2.0443904e-04
   1.5841282e-02   1.0529244e-01   1.6472050e-01   2.5411536e-04  -5.0925777e-04   6.1575518e-05
   3.2169336e-02   7.5866319e-02   1.0797407e-01   5.7955174e-04  -8.3364506e-04   5.5772860e-05
   1.9410521e-02   7.0054251e-02   8.5066444e-02   5.0188769e-04  -5.4899988e-04  -6.9380724e-05
   2.6925587e-02   1.1553275e-01   1.3273298e-01   4.3255671e-04  -1.0121123e-03   5.7425690e-05
   2.0767612e-02   3.6881666e-02   1.1123816e-01   9.2481590e-04  -9.0489782e-04   3.0966809e-04
   1.7599082e-02   9.7349887e-02   1.6186627e-01   1.3036308e-04  -7.0975361e-04   5.7688726e-05
   9.1579223e-03   1.2219171e-01   1.5745617e-01  -2.2231089e-03  -1.0879787e-03  -2.0985858e-04
  -1.5350443e-03   1.7375728e-01   1.5582314e-01  -3.4981001e-03  -4.4419906e-04  -1.5381107e-04
   1.3054581e-02   2.0471372e-01   1.7715925e-01  -3.1338696e-03  -6.9524859e-04  -3.0632724e-04
   1.0001007e-02   1.6282391e-01   1.4038895e-01  -2.5318411e-03  -7.9563528e-04  -2.3172851e-04
   7.4200659e-03   2.4033284e-01   2.0987173e-01  -3.9509434e-03  -7.5491155e-04   4.9895366e-06
   7.0859529e-03   1.6393833e-01   1.6206860e-01  -3.5168816e-03  -8.1659229e-04  -1.0494247e-04
   5.4324086e-03   2.0645740e-01   1.8200694e-01  -3.8051878e-03  -8.8569491e-04  -1.8689673e-04
   1.0376189e-02   1.7457593e-01   1.6504062e-01  -3.4279754e-03  -1.1145517e-03  -2.3656438e-04
   1.4136332e-02   1.6315142e-01   1.6618866e-01  -2.6626736e-03  -1.2091127e-03  -2.8516487e-05
   1.1765616e-02   2.3639888e-01   1.9457403e-01  -3.9715650e-03  -1.1303748e-03  -2.6186066e-04
   1.3703410e-02   1.8573595e-01   1.7191734e-01  -3.6034404e-03  -1.0129381e-03  -2.6733661e-04
   1.6525036e-02   2.3917568e-01   1.8623827e-01  -4.2178058e-03  -1.0296874e-03  -3.2979774e-04
   1.5180265e-02   1.8599981e-01   1.4447119e-01  -3.7647954e-03  -1.1072562e-03  -2.4571500e-04
   1.3434221e-02   2.1731880e-01   1.8077152e-01  -4.0034607e-03  -1.0112083e-03  -3.1178459e-04
   1.7738850e-02   1.6007638e-01   1.5543271e-01  -2.9147682e-03  -1.1523541e-03  -8.1043167e-05
   1.9093680e-02   2.1199220e-01   1.7516921e-01  -3.8455855e-03  -1.1533666e-03  -3.2603258e-05
   1.7289857e-02   2.1854570e-01   1.7113790e-01  -3.9369058e-03  -1.0965826e-03  -2.2400925e-04
   2.2518331e-02   1.8934940e-01   1.4028505e-01  -3.6588151e-03  -1.2061012e-03  -2.5317912e-04
   2.0384248e-02   2.2431584e-01   1.5919548e-01  -3.8901437e-03  -1.2668221e-03  -2.1101400e-04
   2.1638699e-02   1.9450426e-01   1.3834505e-01  -3.7011512e-03  -1.2791452e-03  -2.3529451e-05
   2.6069844e-02   1.6267171e-01   1.5574241e-01  -2.5766938e-03  -1.3375251e-03  -3.6369526e-05
   2.3497710e-02   2.1179905e-01   1.5503496e-01  -3.3338424e-03  -1.3292526e-03  -2.8519959e-04
   2.0689254e-02   1.8298411e-01   1.2975764e-01  -3.5150322e-03  -1.1601631e-03  -1.8647737e-04
   2.4483413e-02   2.0989955e-01   1.6242667e-01  -3.6801356e-03  -1.2966154e-03  -5.7373366e-05
   2.9290035e-02   1.5145440e-01   1.4722147e-01  -3.6609625e-03  -1.4204491e-03  -5.1988583e-04
   3.4110897e-02   2.4663126e-01   1.6085326e-01  -3.8856970e-03  -1.3929732e-03  -9.7178960e-04
   3.7045937e-02   1.7890989e-01   1.0649379e-01  -3.7898094e-03  -1.4299535e-03  -7.5875179e-04
   3.3834066e-02   1.7777650e-01   1.3500063e-01  -3.4341032e-03  -1.2944269e-03  -7.3996307e-04
   4.0106549e-02   2.0801399e-01   1.5717494e-01  -3.7919199e-03  -1.4944641e-03  -7.5088555e-04
   3.5132287e-02   1.9054973e-01   1.3854651e-01  -3.7402738e-03  -1.3899231e-03  -8.0297554e-04
   3.5847210e-02   2.1423480e-01   1.5484482e-01  -3.8118739e-03  -1.5453955e-03  -8.4214128e-04
   3.2909924e-02   1.9219351e-01   1.2697972e-01  -3.6202307e-03  -1.6167223e-03  -7.5318966e-04
   3.2551074e-02   2.3659591e-01   1.7229110e-01  -3.7806944e-03  -1.4346707e-03  -1.0022994e-03
   3.6228618e-02   1.6931930e-01   1.2209240e-01  -3.5876609e-03  -1.4392717e-03  -9.7061166e-04
   3.4306221e-02   1.8046067e-01   1.2839842e-01  -3.1498052e-03  -1.3980868e-03  -7.9184904e-04
   3.6170309e-02   1.9645642e-01   1.3653395e-01  -3.7188305e-03  -1.4228098e-03  -6.8985935e-04
   3.5615038e-02   1.5407027e-01   1.2410980e-01  -2.8955876e-03  -1.5905064e-03  -7.1529711e-04
   3.5126316e-02   2.4142725e-01   1.7580583e-01  -3.8112192e-03  -1.6863639e-03  -7.6371996e-04
   3.8412301e-02   1.9028213e-01   1.4398266e-01  -3.6259879e-03  -1.6543709e-03  -9.8406729e-04
   4.0729167e-02   2.1461111e-01   1.5815847e-01  -3.9094310e-03  -1.7350320e-03  -1.0386114e-03
   4.1086682e-02   1.9763190e-01   1.5354671e-01  -3.8493519e-03  -1.7891968e-03  -9.7507937e-04
   3.8820848e-02   1.6079660e-01   1.3670958e-01  -3.4192903e-03  -1.7788877e-03  -9.3455486e-04
   4.5312170e-02   2.3130029e-01   1.5737917e-01  -3.5333750e-03  -1.8850441e-03  -1.0184491e-03
   4.4704527e-02   2.0014803e-01   1.3677441e-01  -3.9618828e-03  -1.7364555e-03  -1.0526768e-03
   3.6500050e-02   2.3424301e-01   1.6918674e-01  -4.1118614e-03  -1.6191249e-03  -1.0378046e-03
   3.0240937e-02   2.2484857e-01   1.7960279e-01  -3.8181656e-03  -1.7350843e-03  -9.6867245e-04
   2.8500003e-02   1.8320364e-01   1.6263335e-01  -3.1419086e-03  -1.6891885e-03  -8.7109363e-04
   3.3732662e-02   2.6028271e-01   2.1387018e-01  -3.8730694e-03  -1.7042830e-03  -1.2117276e-03
   2.6628836e-02   2.2008173e-01   1.6903349e-01  -4.0235835e-03  -1.5006115e-03  -1.0913865e-03
   3.2376205e-02   2.2980935e-01   1.8766968e-01  -3.3217470e-03  -1.5553955e-03  -1.1979511e-03
   3.5035002e-02   2.3449493e-01   1.8884513e-01  -4.4599040e-03  -1.7477662e-03  -1.0674916e-03
   3.2183243e-02   2.4866343e-01   2.1686674e-01  -4.4959900e-03  -1.6236203e-03  -8.6087372e-04
   3.1394264e-02   2.7504844e-01   2.3036572e-01  -4.5925408e-03  -1.7029851e-03  -8.2365956e-04
   2.8982719e-02   2.3710004e-01   2.1141964e-01  -4.2134408e-03  -1.6801448e-03  -7.8295902e-04
   2.8897432e-02   3.1074611e-01   2.4234509e-01  -5.0368039e-03  -1.6392365e-03  -9.7679418e-04
   3.3663313e-02   2.7279582e-01   1.9933383e-01  -5.0463141e-03  -1.6701574e-03  -9.3615093e-04
   3.4864841e-02   2.8957192e-01   2.1951476e-01  -4.7627909e-03  -1.6394856e-03  -1.0030459e-03
   3.5532059e-02   2.7889631e-01   2.1188274e-01  -5.1325405e-03  -1.6276756e-03  -9.8883164e-04
   2.6938293e-02   2.4596272e-01   1.8892472e-01  -4.5558674e-03  -1.5743521e-03  -8.7371713e-04
   3.3651344e-02   3.0650482e-01   2.3095631e-01  -4.8008225e-03  -1.7075114e-03  -9.2709915e-04
   3.2786170e-02   2.5326887e-01   2.0373969e-01  -3.8090759e-03  -1.5687583e-03  -7.7121488e-04
   3.1773325e-02   3.4567919e-01   2.5540755e-01  -5.6061337e-03  -1.6220983e-03  -9.3689205e-04
   3.6565031e-02   2.7512867e-01   2.2158849e-01  -5.0098978e-03  -1.8906658e-03  -9.3669281e-04
   3.2223472e-02   2.9326514e-01   2.4406963e-01  -5.1101184e-03  -1.8632560e-03  -9.0619135e-04
   3.2333092e-02   2.8694545e-01   2.4670383e-01  -4.9151519e-03  -2.0760511e-03  -9.2578468e-04
   3.6614021e-02   2.7788799e-01   2.5351167e-01  -4.6154610e-03  -2.1535531e-03  -8.7667728e-04
   3.4922145e-02   2.6534024e-01   2.3970170e-01  -3.9410555e-03  -2.0787592e-03  -9.4524713e-04
   3.6429523e-02   3.0236309e-01   2.3848726e-01  -4.9566043e-03  -1.9451463e-03  -1.1324599e-03
   4.0606937e-02   2.7642593e-01   2.2738633e-01  -4.8890057e-03  -1.9699812e-03  -9.6620165e-04
   3.4682326e-02   3.1993375e-01   2.7431109e-01  -5.2993439e-03  -1.7537951e-03  -8.0713873e-04
   3.5622631e-02   2.6743514e-01   2.4544490e-01  -4.7725048e-03  -1.9882723e-03  -9.6490528e-04
   4.0711466e-02   2.5431313e-01   2.6140999e-01  -3.6751406e-03  -2.1665643e-03  -9.1818407e-04
   3.6469075e-02   2.9262971e-01   2.5571111e-01  -4.6837110e-03  -2.0082244e-03  -1.1227150e-03
   2.9734359e-02   3.1878825e-01   2.6530847e-01  -5.1601088e-03  -1.7620105e-03  -1.1273896e-03
   3.0572797e-02   2.9396965e-01   2.4449027e-01  -4.9288888e-03  -1.9558434e-03  -1.0631997e-03
   3.1064711e-02   2.6097058e-01   2.3380560e-01  -4.3323378e-03  -2.0208431e-03  -1.1118701e-03
   3.3491195e-02   3.2249091e-01   2.9129399e-01  -4.7902896e-03  -2.0382642e-03  -1.2596147e-03
   2.5743820e-02   2.4010126e-01   2.4454929e-01  -3.5867779e-03  -1.8378648e-03  -1.0601506e-03
   2.6375168e-02   3.0209494e-01   2.8729569e-01  -4.6502049e-03  -1.7884268e-03  -1.1437399e-03
   3.1704556e-02   2.8856838e-01   2.8698505e-01  -5.1182873e-03  -1.8521473e-03  -1.0787742e-03
   3.5034699e-02   2.6133740e-01   2.5101530e-01  -4.4647734e-03  -1.9225540e-03  -1.0719220e-03
   2.8682895e-02   3.2115890e-01   3.0447612e-01  -4.8881689e-03  -1.7112026e-03  -1.1014558e-03
   3.2341332e-02   2.8373718e-01   2.8407557e-01  -4.3600341e-03  -1.8471393e-03  -1.0344037e-03
   2.7784366e-02   2.6397986e-01   2.5268768e-01  -4.5101471e-03  -1.8115885e-03  -8.3749135e-04
   3.7104188e-02   3.0595790e-01   2.6068578e-01  -4.5466144e-03  -2.0153465e-03  -1.2535997e-03
   4.0940122e-02   2.3695309e-01   2.2099143e-01  -3.7976135e-03  -2.2740566e-03  -1.2439224e-03
   3.9982784e-02   2.7837090e-01   2.8324105e-01  -4.1543165e-03  -2.3044244e-03  -1.2867494e-03
   3.8917068e-02   2.9307941e-01   2.9020090e-01  -4.4617718e-03  -2.4683651e-03  -1.1066755e-03
   3.0214602e-02   1.7672068e-01   3.0152406e-01  -2.4888646e-03  -2.2875513e-03  -1.7902772e-03
   3.0153185e-02   2.8693525e-01   2.6948904e-01  -4.2684314e-03  -2.3741784e-03  -1.8193719e-03
   2.4868229e-02   2.5642371e-01   2.7259755e-01  -4.6061951e-03  -2.2424140e-03  -1.6774986e-03
   3.6037449e-02   2.7084622e-01   2.8560512e-01  -4.1161520e-03  -2.5992767e-03  -1.8800791e-03
   2.9563907e-02   2.2020310e-01   2.5289804e-01  -3.2645276e-03  -2.4033315e-03  -1.6555523e-03
   3.0777671e-02   3.1675231e-01   3.2337711e-01  -4.7193737e-03  -2.2628182e-03  -1.5962643e-03
   3.3156336e-02   2.4208068e-01   2.7953403e-01  -4.1827341e-03  -2.4968589e-03  -1.3160152e-03
   2.8499558e-02   2.8242008e-01   3.0221187e-01  -4.3589639e-03  -2.3430520e-03  -1.4179363e-03
   3.4456339e-02   2.6102170e-01   2.8796704e-01  -4.1428736e-03  -2.5449590e-03  -1.4129377e-03
   2.4181713e-02   2.7879778e-01   2.7012358e-01  -4.4739688e-03  -2.2887520e-03  -1.3166504e-03
   3.0444670e-02   3.0900824e-01   3.0264570e-01  -4.8431013e-03  -2.3608877e-03  -1.4725024e-03
   3.4269482e-02   2.2663662e-01   2.4651861e-01  -3.5647097e-03  -2.4720753e-03  -1.2701929e-03
   3.5053497e-02   2.7730097e-01   2.9656383e-01  -4.0893283e-03  -2.5791425e-03  -1.3237311e-03
   4.0796243e-02   2.8371172e-01   3.1046963e-01  -4.6072588e-03  -2.7015549e-03  -1.4377859e-03
   3.5171183e-02   2.5251065e-01   2.8052772e-01  -4.3652386e-03  -2.5066886e-03  -1.3923114e-03
   3.5648924e-02   3.2571393e-01   3.0427019e-01  -4.9715940e-03  -2.3828934e-03  -1.3103707e-03
   3.0751332e-02   2.4164395e-01   2.6183289e-01  -3.9775210e-03  -2.4274427e-03  -1.1586913e-03
   3.6834804e-02   3.0899951e-01   3.1480707e-01  -4.3293407e-03  -2.5498483e-03  -1.3912952e-03
   2.8481623e-02   2.7031890e-01   2.6947242e-01  -4.0882560e-03  -2.3751910e-03  -1.2734375e-03
   3.2632931e-02   3.1564663e-01   3.0719852e-01  -4.5740815e-03  -2.3660815e-03  -1.1908478e-03
   3.7284100e-02   2.7172391e-01   2.8873857e-01  -4.3293102e-03  -2.5435486e-03  -1.1536509e-03
   3.2915407e-02   2.6477448e-01   2.8903138e-01  -3.6134986e-03  -2.5942132e-03  -1.0189313e-03
   2.8990493e-02   3.4019616e-01   3.3545920e-01  -4.8019261e-03  -2.4035750e-03  -9.5111884e-04
   3.1092063e-02   2.8496629e-01   2.8273054e-01  -4.0842690e-03  -2.3566797e-03  -9.0658301e-04
   3.1558363e-02   3.1249499e-01   3.1715579e-01  -4.5625438e-03  -2.3108792e-03  -9.5254127e-04
   3.5894771e-02   2.7618259e-01   2.9899375e-01  -4.3208304e-03  -2.4873129e-03  -9.4592788e-04
   3.2931825e-02   2.9799889e-01   3.1168236e-01  -4.5435075e-03  -2.4376253e-03  -8.5708299e-04
   3.5763123e-02   3.2350517e-01   3.1510283e-01  -4.6127176e-03  -2.5576950e-03  -1.0808667e-03
   3.1566483e-02   2.7837690e-01   2.9598618e-01  -4.5221375e-03  -2.6082149e-03  -1.0916170e-03
   3.7012876e-02   3.0143994e-01   3.3829393e-01  -4.5372930e-03  -2.6671137e-03  -1.3048772e-03
   3.5408668e-02   2.9708237e-01   3.1089420e-01  -4.2887681e-03  -2.6910990e-03  -1.1260910e-03
   3.2979227e-02   2.9954524e-01   3.0393290e-01  -4.6605621e-03  -2.6700940e-03  -1.3323008e-03
   3.8625862e-02   2.9279609e-01   3.0193077e-01  -3.7424293e-03  -2.7995298e-03  -1.1618897e-03
