   0.0000000e+00   0.0000000e+00   0.0000000e+00   0.0000000e+00  -3.4694470e-18   0.0000000e+00
   2.7333280e-03   2.1592081e-02   7.0786312e-02   1.7091004e-04  -2.6077342e-04   1.7502328e-04
   5.9198578e-03   5.6981848e-02   9.9255819e-02   8.4581827e-05  -5.6263183e-04   2.1799774e-04
   7.6202286e-03   4.7636420e-02   9.1033094e-02  -5.4465887e-05  -4.4688514e-04   4.1449949e-04
   2.8621352e-03   9.7124559e-02   1.1276327e-01  -6.1795618e-04  -3.6266241e-04   3.7868319e-04
   9.0020781e-03   4.7714693e-02   6.5347920e-02  -3.9486726e-04  -6.7858496e-04   7.3114392e-04
   1.1458704e-02   6.6085236e-02   8.5153649e-02  -1.7174909e-04  -8.6645634e-04   5.7570204e-04
   5.1317032e-03   7.3654430e-02   8.3656409e-02  -2.2240152e-04  -7.0712508e-04   6.4810982e-04
   6.4293721e-03   6.5113859e-02   7.9651950e-02  -3.8909300e-04  -6.4373499e-04   7.0717538e-04
   3.8231094e-03   1.0517410e-01   1.2856793e-01  -9.6875785e-04  -5.6352649e-04   5.6310346e-04
   2.6483029e-03   3.6130896e-02   9.7327094e-02  -2.2377269e-04  -6.1129676e-04   8.4521232e-04
   1.0274638e-02   8.3305567e-02   1.1952371e-01   4.3435544e-05  -7.6581960e-04   8.2579462e-04
   8.5268561e-03   6.3163616e-02   9.6411821e-02   2.6766540e-04  -7.8994988e-04   8.4507147e-04
   1.4021061e-02   8.8395254e-02   1.0836153e-01  -9.5846532e-04  -8.8724402e-04   9.1175608e-04
   1.2420089e-02   1.1104876e-01   1.1896313e-01  -1.0590599e-03  -9.6441124e-04   8.3201216e-04
   1.4095619e-02   5.1757385e-02   9.1704284e-02  -4.8883953e-04  -9.1309995e-04   1.0833996e-03
   2.5848425e-02   1.1182307e-01   1.3772869e-01  -5.9464241e-04  -1.0800099e-03   8.6924316e-04
   1.8472368e-02   7.1922080e-02   1.0085167e-01  -4.0557267e-04  -1.0006487e-03   9.7607228e-04
   1.6257795e-02   1.2288206e-01   1.2551872e-01  -8.4780121e-04  -9.1616421e-04   1.0088648e-03
   1.8909570e-02   8.5276913e-02   9.5275889e-02  -4.3325403e-04  -1.0947737e-03   9.6912933e-04
   1.6298228e-02   7.2612892e-02   1.0100287e-01  -5.4308098e-04  -1.1560851e-03   1.1229208e-03
   2.1335776e-02   1.1316579e-01   1.4127582e-01  -5.7906451e-04  -1.3223708e-03   1.0754778e-03
   1.7791350e-02   7.0081611e-02   1.0322517e-01  -6.7172040e-04  -1.1489131e-03   1.2470032e-03
   2.3209754e-02   1.1813466e-01   1.0964450e-01  -5.0707123e-04  -1.1919686e-03   1.1985970e-03
   2.5228350e-02   9.1000003e-02   7.8453992e-02  -1.0992248e-03  -1.3246395e-03   1.4781312e-03
   2.3806767e-02   1.0010934e-01   9.9702551e-02  -9.5274275e-04  -1.2720237e-03   1.4153459e-03
   2.2141659e-02   9.4298892e-02   1.0497011e-01  -7.7348925e-04  -1.3075536e-03   1.3431766e-03
   2.8339534e-02   7.4456124e-02   1.0037708e-01  -4.2227409e-04  -1.5898100e-03   1.4076244e-03
   2.3057942e-02   1.4933271e-01   1.3707247e-01  -1.0360140e-03  -1.5478967e-03   1.2023028e-03
   2.8697738e-02   1.1116534e-01   1.0303437e-01  -1.1250946e-03  -1.6294239e-03   1.4632093e-03
   2.6004547e-02   1.2315251e-01   1.2490142e-01  -8.2666558e-04  -1.6223108e-03   1.1692838e-03
   2.7061250e-02   1.0103016e-01   1.0137692e-01  -1.0013328e-03  -1.6919412e-03   1.2931245e-03
   2.2423331e-02   7.5293724e-02   8.1090405e-02   1.1488726e-04  -1.6235694e-03   1.5073484e-03
   2.5039292e-02   1.2059310e-01   1.2192568e-01  -5.3633029e-04  -1.7646799e-03   1.3323988e-03
   2.3373726e-02   1.0024559e-01   9.0872286e-02  -3.4926432e-04  -1.6966680e-03   1.4804608e-03
   1.8485343e-02   1.2902344e-01   8.3836506e-02  -1.2359006e-03  -1.6395860e-03   1.7915011e-03
   2.3574491e-02   1.3830707e-01   1.1668817e-01  -1.2910897e-03  -1.6554604e-03   1.6911648e-03
   2.5031369e-02   8.4164558e-02   9.0373555e-02  -9.8453629e-04  -1.5734408e-03   1.8564622e-03
   2.4629155e-02   1.1682944e-01   1.2578976e-01  -9.9320269e-04  -1.5082342e-03   1.8569175e-03
   2.6040974e-02   7.7017411e-02   9.7472645e-02  -4.0854855e-04  -1.6195016e-03   1.8451787e-03
   2.3877394e-02   1.1490692e-01   1.0420852e-01  -9.4998442e-04  -1.6310026e-03   2.0000032e-03
   2.1765250e-02   1.3346017e-01   1.0186455e-01  -6.7459044e-04  -1.6289411e-03   1.8292604e-03
   2.1676403e-02   1.0057144e-01   8.4381891e-02  -8.9806872e-04  -1.5891477e-03   1.9785770e-03
   2.4828464e-02   1.4699567e-01   1.0503697e-01  -9.6380714e-04  -1.6768592e-03   1.9422650e-03
   2.4322000e-02   1.0008757e-01   8.0753301e-02  -6.8709336e-04  -1.7847436e-03   2.2180726e-03
   1.9005732e-02   1.1631406e-01   1.0831968e-01  -7.8913942e-04  -1.6326933e-03   2.0983843e-03
   2.1683206e-02   9.8225432e-02   1.0130721e-01  -9.0356256e-04  -1.7537575e-03   2.1365431e-03
   2.1629156e-02   1.1793710e-01   1.1473601e-01  -9.8382880e-04  -1.6984104e-03   2.1581975e-03
   2.6423129e-02   1.2158444e-01   1.1848216e-01  -9.0155243e-04  -1.7457704e-03   2.2052449e-03
   1.8966733e-02   1.2213685e-01   1.0921847e-01  -1.1069205e-03  -1.6597734e-03   2.2424673e-03
   2.0614491e-02   1.4878988e-01   1.2110258e-01  -1.0536381e-03  -1.6157338e-03   2.2535142e-03
   2.1010295e-02   9.6221873e-02   1.0057592e-01  -9.0420338e-04  -1.6590019e-03   2.3879141e-03
   2.1815882e-02   1.3841257e-01   1.2605622e-01  -8.4834096e-04  -1.6001130e-03   2.4037252e-03
   2.2242288e-02   8.8799042e-02   9.7112161e-02  -8.7683366e-04  -1.6772164e-03   2.4595835e-03
   1.3313583e-02   1.0020555e-01   1.0789599e-01  -5.4743718e-04  -1.6696884e-03   2.4484502e-03
   2.0256687e-02   1.2021152e-01   1.1255503e-01  -4.1856831e-04  -2.0704424e-03   2.3268315e-03
   1.5644955e-02   8.9373465e-02   1.0449750e-01  -7.7443986e-06  -1.9471589e-03   2.3163892e-03
   1.4175935e-02   1.4754658e-01   1.1944026e-01  -1.0449613e-03  -1.8029548e-03   2.2886520e-03
   1.9116334e-02   1.3154219e-01   1.0199927e-01  -1.3056470e-03  -1.8606373e-03   2.3771236e-03
   1.3974262e-02   9.4261726e-02   7.6211353e-02  -9.0839572e-04  -1.7660888e-03   2.6454180e-03
   2.0406634e-02   1.4023835e-01   9.9224363e-02  -9.8030310e-04  -1.7568626e-03   2.5671705e-03
   2.1323701e-02   8.5337236e-02   7.9997427e-02  -6.7546596e-04  -1.7947531e-03   2.8372251e-03
   2.1622789e-02   1.1632588e-01   1.0632916e-01  -8.7489141e-05  -1.8056215e-03   2.6237186e-03
   2.0298863e-02   9.1833847e-02   7.9838601e-02  -2.8587496e-04  -1.8868664e-03   2.5934916e-03
   1.6769106e-02   1.4604242e-01   1.0238609e-01  -1.2478374e-03  -1.6443084e-03   2.5330373e-03
   2.4243440e-02   1.3426222e-01   8.8446235e-02  -1.4375139e-03  -1.8700136e-03   2.4790065e-03
   1.7689777e-02   9.8525445e-02   6.3817945e-02  -1.0766551e-03  -1.8277184e-03   2.7683844e-03
   2.0907270e-02   1.1619784e-01   8.8043668e-02  -3.6274742e-04  -1.9570410e-03   2.6261616e-03
   1.0998544e-02   8.3459321e-02   6.3673454e-02  -4.8118458e-04  -1.8260482e-03   2.7379004e-03
   1.3264927e-02   1.3715900e-01   9.5558778e-02  -1.1679289e-03  -1.8039660e-03   2.7933918e-03
   1.7350750e-02   1.3795709e-01   8.9550923e-02  -1.2282817e-03  -1.7351033e-03   2.8206126e-03
   2.1844183e-02   7.9791398e-02   4.1588075e-02   2.1822239e-04  -1.9700989e-03   2.9170526e-03
   2.0447428e-02   1.2395202e-01   8.0192436e-02  -6.8428862e-04  -1.9735774e-03   3.1152423e-03
   1.9437770e-02   8.3786165e-02   6.0968011e-02  -8.0217653e-04  -2.0870043e-03   3.2906580e-03
   2.7490761e-02   1.1921752e-01   1.1022182e-01  -1.0352341e-03  -2.2026558e-03   2.9697726e-03
   9.6420066e-03   6.1610572e-02   6.6082481e-02  -8.8197446e-04  -1.7960021e-03   2.7047200e-03
   1.0860094e-02   1.3585078e-01   5.8973926e-02  -1.6156737e-03  -2.0564897e-03   3.1139749e-03
   1.2269254e-02   1.3673725e-01   8.5009254e-02  -1.4966658e-03  -1.9984826e-03   2.8449846e-03
   5.9712575e-03   1.1378426e-01   4.0784048e-02  -1.2832427e-03  -1.8148367e-03   3.0523951e-03
   8.3248805e-03   1.6527093e-01   6.2919464e-02  -1.6373788e-03  -1.7400418e-03   3.0495137e-03
   1.1083279e-02   9.5580814e-02   4.1132036e-02  -8.6277723e-04  -1.8860111e-03   3.4235726e-03
   1.1925208e-02   1.2080679e-01   7.4195991e-02  -1.1221010e-03  -1.9481003e-03   3.2345794e-03
   9.5708292e-03   1.6183698e-01   7.2771294e-02  -1.8059207e-03  -1.7495242e-03   3.1772919e-03
   1.2577693e-02   1.2500265e-01   3.8716675e-02  -1.4300059e-03  -1.8667924e-03   3.1694212e-03
   1.3855066e-02   1.6689155e-01   6.8939898e-02  -1.7272466e-03  -2.0021340e-03   3.1133285e-03
   1.3126744e-02   9.2167566e-02   3.8003376e-02  -6.2415348e-04  -2.1030822e-03   3.2452020e-03
   9.6883199e-03   1.3629208e-01   8.0606882e-02  -1.5614126e-03  -1.8802692e-03   3.2102320e-03
   1.7910740e-02   1.3724784e-01   6.2192531e-02  -1.3011003e-03  -2.0802537e-03   3.1988498e-03
   1.1762753e-02   1.1009394e-01   5.2573109e-02  -1.3279908e-03  -1.9653147e-03   3.3645042e-03
   1.4395688e-02   1.5327486e-01   8.1779742e-02  -1.4485315e-03  -2.1496091e-03   3.3110169e-03
   7.8331877e-03   8.0162879e-02   6.0772582e-02  -7.8075376e-04  -2.0545617e-03   3.4604761e-03
   1.1761605e-02   1.3931022e-01   8.6547644e-02  -7.2787038e-04  -2.0730038e-03   3.3295781e-03
   1.7082427e-02   1.0047841e-01   5.2128827e-02  -9.1040839e-04  -2.0884860e-03   3.4650102e-03
   1.0745332e-02   1.3668399e-01   8.6529446e-02  -1.7290986e-03  -1.8639459e-03   3.4563124e-03
   1.3692842e-02   1.0119421e-01   6.2174597e-02  -1.1691314e-03  -2.0454787e-03   3.4517952e-03
   1.8330476e-02   9.9083191e-02   5.6776572e-02  -1.0333822e-03  -2.1285933e-03   3.4278200e-03
   1.4929889e-02   1.6648899e-01   6.9001177e-02  -1.5155056e-03  -1.8783060e-03   3.3025587e-03
   1.5329796e-02   9.4216067e-02   3.2758630e-02  -9.4952291e-04  -1.8282467e-03   3.5075035e-03
   1.8508130e-02   1.4397612e-01   5.7884403e-02  -1.2860972e-03  -1.8606361e-03   3.4804430e-03
   2.1575099e-02   1.1521493e-01   4.3544101e-02  -9.3235060e-04  -2.1016760e-03   3.4961665e-03
   1.7321990e-02   1.1721888e-01   5.2774618e-02  -1.0642668e-03  -2.0453183e-03   3.4887191e-03
   1.9546327e-02   1.7358135e-01   6.4416720e-02  -1.4942153e-03  -2.2128463e-03   3.3331856e-03
   1.6362041e-02   8.8196464e-02   3.6444118e-02  -8.3383096e-04  -2.3381485e-03   3.5520755e-03
   2.0045995e-02   1.4737441e-01   8.1239345e-02  -1.3615984e-03  -2.3225034e-03   3.5272952e-03
   2.2223796e-02   9.8870512e-02   4.8913264e-02  -9.9826777e-04  -2.2779226e-03   3.3438852e-03
   2.2740119e-02   1.4498300e-01   6.3090132e-02  -1.3461150e-03  -2.2467640e-03   3.2881070e-03
   3.1688106e-02   1.1432345e-01   3.9171898e-02  -1.0715866e-03  -2.4819190e-03   3.2618624e-03
   3.4261763e-02   8.6849377e-02   3.1850780e-02  -3.6158386e-04  -2.5530865e-03   3.5062759e-03
   4.1678113e-02   1.2290847e-01   7.8413352e-02  -1.0464143e-03  -2.6658117e-03   3.4440922e-03
   2.9650642e-02   9.0283303e-02   5.8263758e-02  -1.0002605e-03  -2.5107024e-03   3.5482199e-03
   2.6146651e-02   1.5423539e-01   7.6392116e-02  -1.5139698e-03  -2.5055047e-03   3.4169558e-03
   2.7945355e-02   8.5909824e-02   2.7069861e-02  -8.0651352e-04  -2.5997602e-03   3.4500376e-03
   3.2747297e-02   1.2433907e-01   4.7577062e-02  -9.0435192e-04  -2.4972897e-03   3.5879478e-03
   3.1352404e-02   1.1840565e-01   4.2629196e-02  -8.9985828e-04  -2.3934483e-03   3.5862890e-03
   3.2004971e-02   7.7345509e-02   2.9972376e-02  -7.4518230e-04  -2.5517595e-03   4.0295967e-03
   3.5687055e-02   1.2740685e-01   6.5281029e-02  -9.4735723e-04  -2.7352956e-03   3.9041360e-03
   3.4913281e-02   5.9104253e-02   3.4317471e-02  -4.3011001e-04  -2.8154329e-03   4.1015948e-03
   3.4973422e-02   1.4084250e-01   7.6084131e-02  -1.2992228e-03  -2.7158274e-03   4.1033868e-03
   4.1652654e-02   1.1080939e-01   3.8842831e-02  -9.9851726e-04  -2.7756162e-03   4.0991665e-03
   3.5517768e-02   6.1054859e-02   1.5973589e-02   1.1486755e-04  -2.7168176e-03   4.2904342e-03
   3.8893065e-02   1.3185689e-01   4.8658151e-02  -1.1124238e-03  -2.8984135e-03   4.2074836e-03
   3.8569826e-02   5.6127671e-02   2.6267093e-02  -5.5792558e-04  -2.9818880e-03   4.1664737e-03
   3.8835298e-02   1.4861455e-01   7.3572569e-02  -1.6606748e-03  -2.8280407e-03   3.9834984e-03
   3.6110976e-02   6.2034646e-02   2.4541815e-02  -3.4282302e-04  -2.8516852e-03   4.1917825e-03
   3.3955013e-02   1.2270482e-01   4.0275327e-02  -8.1443470e-04  -2.9234633e-03   4.1124269e-03
   2.7759968e-02   1.2930392e-01   1.3656292e-02  -9.4975536e-04  -3.0479903e-03   4.0322286e-03
   2.1335123e-02   8.2777362e-02   7.8053482e-03  -3.6695395e-04  -2.9797379e-03   3.9178942e-03
   2.7439399e-02   1.7430975e-01   6.6678251e-02  -1.5531302e-03  -3.1145873e-03   3.6683231e-03
   3.0242309e-02   9.4676022e-02   9.7327173e-03  -1.0722999e-03  -3.0834758e-03   3.7872052e-03
   3.1951792e-02   1.2475923e-01   4.2501034e-02  -1.2385131e-03  -3.0894030e-03   3.9206418e-03
   3.5278752e-02   9.9214449e-02   1.8731954e-02  -1.0404618e-03  -3.2165450e-03   3.9092909e-03
   3.7001294e-02   1.0330712e-01   4.1366096e-02  -8.6114181e-04  -3.1943936e-03   4.0999220e-03
   3.0266265e-02   1.4327079e-01   5.3399719e-02  -1.4104434e-03  -3.0114958e-03   4.0700012e-03
   2.7338475e-02   9.7004762e-02   1.9579211e-02  -1.0882486e-03  -2.9633842e-03   4.1741763e-03
   2.9454546e-02   1.5824736e-01   4.7675495e-02  -1.3637695e-03  -3.0759325e-03   4.0435745e-03
   2.8864263e-02   9.7636852e-02   1.5635323e-02  -1.1136750e-03  -3.1105910e-03   4.1041182e-03
   3.1069739e-02   1.2915619e-01   4.7515188e-02  -1.1329277e-03  -3.1816508e-03   4.0729380e-03
   3.6508163e-02   1.0940956e-01   3.7579231e-02  -1.0105584e-03  -3.3262319e-03   4.0169570e-03
   2.9541475e-02   1.2292630e-01   3.9492561e-02  -1.4718220e-03  -3.1425719e-03   4.0716442e-03
   2.4505450e-02   1.6063851e-01   4.1672259e-02  -1.8114799e-03  -3.0735883e-03   3.9889257e-03
   2.9489677e-02   1.0438983e-01   1.0297166e-02  -1.2057016e-03  -3.3321058e-03   4.2210207e-03
   2.2100972e-02   1.5505618e-01   4.8504255e-02  -1.4116862e-03  -3.2215191e-03   4.2648868e-03
   2.3862654e-02   1.0843891e-01   2.0313299e-02  -9.4929854e-04  -3.2288837e-03   4.2280308e-03
   2.7928305e-02   1.2347854e-01   5.0361229e-02  -1.3255972e-03  -3.1396969e-03   4.1784769e-03
   3.4593342e-02   1.2820268e-01   4.3392714e-02  -1.2752442e-03  -3.2648837e-03   4.2178602e-03
   2.8599815e-02   1.2356588e-01   3.6309205e-02  -1.3949039e-03  -3.1417156e-03   4.3071001e-03
   2.7537344e-02   1.5871005e-01   3.9577410e-02  -1.6304546e-03  -3.1795486e-03   4.1642963e-03
   2.8483899e-02   8.8332616e-02   6.0851072e-03  -9.8629651e-04  -3.4379951e-03   4.4172562e-03
   3.1169999e-02   1.4949693e-01   4.0343028e-02  -1.6771675e-03  -3.4019404e-03   4.2413796e-03
   3.5346821e-02   8.7967684e-02   1.3497790e-02  -8.2525357e-04  -3.4528403e-03   4.3714927e-03
   3.8246553e-02   9.4137367e-02   3.0759710e-02  -1.9415100e-04  -3.3529135e-03   4.3862412e-03
   3.1077432e-02   1.1002079e-01   2.3069914e-02  -1.4206107e-03  -3.2579469e-03   4.2823538e-03
