   0.0000000e+00   0.0000000e+00   0.0000000e+00  -2.7755576e-17   3.4694470e-18  -3.4694470e-18
  -4.4853238e-04  -2.4059080e-02   1.5049017e-03   5.3114808e-04  -1.0321088e-04   2.1598355e-04
   8.0540116e-03   8.4489690e-03   4.3246632e-02   7.3085245e-04  -3.1559315e-04   3.1404417e-04
   2.1078846e-02   1.0641148e-01   7.5965427e-02  -1.1936766e-03  -5.3803870e-04   5.0322210e-04
   1.9441079e-02   7.3766837e-02   3.0891829e-02  -1.1292784e-03  -4.8128575e-04   6.5270610e-04
   1.5186499e-02   1.1639297e-01   5.3128310e-02  -1.4925525e-03  -5.7663410e-04   7.2782505e-04
   7.0034574e-03   8.0595177e-02   2.4741104e-02  -1.4485892e-03  -4.2713251e-04   7.8147753e-04
   1.8517312e-02   1.0632444e-01   8.6750791e-02  -1.1641376e-03  -5.4524823e-04   7.0045245e-04
   2.1804823e-02   1.0410938e-01   1.0774056e-01  -1.0640957e-03  -4.9858347e-04   8.5089450e-04
   2.4322928e-02   8.7081340e-02   4.4212646e-02  -1.3143365e-03  -5.5682494e-04   9.7767917e-04
   3.0259213e-02   5.5128388e-02   1.8269007e-03   5.7080028e-05  -6.9847678e-04   9.9517870e-04
   3.5296073e-02   1.2198743e-01   4.9796448e-02  -1.4860866e-03  -7.9682520e-04   1.1094493e-03
   4.2476436e-02   1.0150261e-01   2.2528152e-02  -1.6976796e-03  -9.6341802e-04   1.4243404e-03
   3.7243086e-02   1.1130291e-01   5.0406541e-02  -1.6888188e-03  -8.1547329e-04   1.4717786e-03
   4.1963218e-02   1.1819432e-01   6.2236308e-02  -1.8227551e-03  -8.8136982e-04   1.4289810e-03
   4.1550164e-02   8.0201865e-02   2.9598272e-02  -1.4505793e-03  -9.1129005e-04   1.5485718e-03
   4.2298662e-02   1.1192675e-01   6.4611898e-02  -1.4813547e-03  -9.3301848e-04   1.4522266e-03
   5.2188014e-02   7.6299925e-02   3.9936929e-02  -7.6745235e-04  -1.1311072e-03   1.3503672e-03
   5.4151507e-02   1.5025634e-01   5.2593930e-02  -2.0654777e-03  -1.2191075e-03   1.7139834e-03
   4.7241154e-02   1.9511084e-01   8.0297923e-02  -2.8908682e-03  -8.8732546e-04   1.6199546e-03
   6.0507904e-02   1.1903746e-01   2.4892438e-02  -2.2557375e-03  -1.2148203e-03   1.8698736e-03
   5.7255454e-02   1.6129835e-01   6.1432329e-02  -2.6713591e-03  -1.1431687e-03   2.0754860e-03
   6.4894356e-02   1.2043063e-01   8.1282861e-02  -1.8552492e-03  -1.1762942e-03   1.9629072e-03
   6.5190946e-02   1.2204287e-01   9.6130665e-02  -2.4861458e-03  -1.2002611e-03   2.3563378e-03
   7.1859329e-02   1.1619210e-01   7.3510880e-02  -2.8540451e-03  -1.4987137e-03   2.1880684e-03
   7.8050004e-02   2.2386740e-01   1.1314784e-01  -3.8930344e-03  -1.5801559e-03   2.0434756e-03
   8.2237040e-02   1.5661414e-01   5.0743477e-02  -3.6708907e-03  -1.8139239e-03   2.2694247e-03
   8.0868698e-02   1.6261254e-01   5.5985138e-02  -3.4921490e-03  -1.7549684e-03   2.3279004e-03
   8.9229425e-02   1.7204591e-01   7.2190075e-02  -2.5379143e-03  -1.9267176e-03   2.2154052e-03
   8.7917316e-02   1.5087033e-01   3.6491484e-02  -3.3689992e-03  -1.9464149e-03   2.6485979e-03
   8.0903217e-02   2.3930000e-01   9.4153821e-02  -4.2147640e-03  -1.6218831e-03   2.3822076e-03
   8.9165253e-02   1.6562160e-01   2.9334267e-02  -3.8974135e-03  -1.9203083e-03   2.5125112e-03
   9.0158926e-02   2.0155643e-01   5.8835904e-02  -4.1596066e-03  -2.0190866e-03   2.4617512e-03
   8.9018007e-02   1.9806103e-01   5.4355695e-02  -4.4533182e-03  -2.0560686e-03   2.5033622e-03
   8.2819518e-02   1.3173330e-01   3.1267490e-02  -2.7205875e-03  -2.0467452e-03   2.7814603e-03
   8.9868469e-02   2.2763371e-01   7.9528825e-02  -4.1961120e-03  -2.1836274e-03   2.6387556e-03
   8.9821282e-02   1.5702612e-01   4.1845958e-02  -4.0014783e-03  -2.1490203e-03   2.8584052e-03
   8.7031082e-02   2.1536038e-01   8.2920057e-02  -4.1385014e-03  -2.1533897e-03   2.7025686e-03
   8.8459803e-02   2.2251673e-01   5.0924335e-02  -4.6012817e-03  -2.1720614e-03   2.7413146e-03
   8.3944719e-02   2.3202116e-01   8.8773474e-03  -4.7856634e-03  -2.0891065e-03   3.1656469e-03
   5.6252253e-02   2.2487976e-01  -4.2328601e-02  -5.3879812e-03  -1.5273387e-03   2.9644533e-03
   6.0884858e-02   2.1223581e-01  -4.5972793e-02  -5.2935860e-03  -1.7890313e-03   2.8669937e-03
   5.7405343e-02   1.7370857e-01  -9.8596801e-02  -5.1980754e-03  -1.9722635e-03   2.9906380e-03
   5.6704620e-02   1.7891294e-01  -8.2529847e-02  -5.2902513e-03  -1.8602992e-03   3.1351808e-03
   5.9861644e-02   1.9985028e-01  -7.5872300e-02  -5.2015914e-03  -1.9712866e-03   3.0782074e-03
   6.8375852e-02   1.2990307e-01  -1.0794484e-01  -3.7420927e-03  -2.1663179e-03   3.0980715e-03
   7.5025615e-02   1.6227249e-01  -5.7492760e-02  -4.6487319e-03  -2.2454514e-03   3.0368656e-03
   7.1661481e-02   1.8391788e-01  -6.1177431e-02  -5.3877568e-03  -2.3304874e-03   3.1671173e-03
   7.1314109e-02   1.8666157e-01  -6.8307968e-02  -5.5013863e-03  -2.3914364e-03   3.1060434e-03
   7.1383913e-02   2.1082812e-01  -3.9758702e-02  -5.8877303e-03  -2.2300118e-03   3.1933405e-03
   7.7092963e-02   1.7687285e-01  -5.2657175e-02  -5.5128194e-03  -2.2705962e-03   3.1885553e-03
   7.8124682e-02   2.0741268e-01  -4.6843978e-02  -5.5377567e-03  -2.2559693e-03   3.3057241e-03
   7.7127862e-02   1.5487431e-01  -7.3823288e-02  -5.4487723e-03  -2.3716937e-03   3.1506961e-03
   7.2453935e-02   2.1579387e-01  -6.7845438e-02  -5.9166285e-03  -2.2739711e-03   3.1245809e-03
   7.1032215e-02   2.2808152e-01  -6.8734662e-02  -5.9987839e-03  -2.3833716e-03   3.3087476e-03
   6.4161304e-02   1.5958734e-01  -8.0065476e-02  -5.3782899e-03  -2.2992368e-03   2.8825023e-03
   6.6871833e-02   1.7708662e-01  -7.7985450e-02  -4.8195648e-03  -2.4195351e-03   2.7958789e-03
   7.3135408e-02   1.9988383e-01  -8.0571472e-02  -5.5677688e-03  -2.5170750e-03   3.0216101e-03
   7.2441367e-02   1.6903302e-01  -7.0892024e-02  -5.3578048e-03  -2.3440534e-03   2.9897933e-03
   7.6978046e-02   2.2198640e-01  -3.8747090e-02  -5.7443577e-03  -2.3920341e-03   2.9375543e-03
   8.7567082e-02   1.6457053e-01  -6.3426093e-02  -5.2289110e-03  -2.5852452e-03   3.0260521e-03
   8.1146110e-02   2.5605359e-01  -2.9569132e-02  -6.0218313e-03  -2.3115326e-03   3.0823360e-03
   8.0058533e-02   1.7640269e-01  -5.2657493e-02  -4.9715217e-03  -2.4180320e-03   3.2777618e-03
   7.7343883e-02   2.2697931e-01  -5.1821724e-02  -5.5371008e-03  -2.2668860e-03   3.1682302e-03
   8.3313769e-02   2.4114310e-01  -4.7368818e-02  -6.1237182e-03  -2.3894902e-03   3.2637475e-03
   7.9392217e-02   1.9317861e-01  -6.0551466e-02  -5.8573844e-03  -2.3324800e-03   3.3945530e-03
   8.1958524e-02   2.4880973e-01  -3.0037981e-02  -6.1367697e-03  -2.3726190e-03   3.2315112e-03
   7.9934647e-02   1.8607165e-01  -5.4599358e-02  -5.0649437e-03  -2.3912694e-03   3.2322273e-03
   7.9289960e-02   2.6158590e-01  -1.4734576e-02  -6.4327091e-03  -2.3208427e-03   3.3714269e-03
   7.5346595e-02   2.0229028e-01  -4.3465802e-02  -5.8353559e-03  -2.4601186e-03   3.2540248e-03
   7.4905788e-02   2.3938717e-01  -4.0378941e-02  -5.7926255e-03  -2.4535324e-03   3.2242243e-03
   8.1011612e-02   2.1944940e-01  -3.9931225e-02  -5.6402945e-03  -2.6515855e-03   3.1858860e-03
   8.7438999e-02   2.0320780e-01  -4.4875653e-02  -5.5389674e-03  -2.6515682e-03   3.1461304e-03
   8.8506604e-02   2.4445017e-01  -3.7492105e-02  -5.7310483e-03  -2.5875060e-03   3.3348817e-03
   8.5995504e-02   2.1068126e-01  -4.8464219e-02  -5.9500711e-03  -2.4573912e-03   3.2681132e-03
   8.9069464e-02   2.7212850e-01  -2.3698237e-02  -6.7120499e-03  -2.4893455e-03   3.1962422e-03
   8.4669250e-02   2.1485999e-01  -6.3151656e-02  -6.1592003e-03  -2.5573198e-03   3.2543818e-03
   8.6337009e-02   2.6373174e-01  -5.0747651e-02  -6.5174774e-03  -2.4669838e-03   3.4040735e-03
   8.7933876e-02   2.3827084e-01  -6.7210436e-02  -6.6007151e-03  -2.3777372e-03   3.5293084e-03
   8.3077001e-02   2.2294311e-01  -5.1184755e-02  -5.9962081e-03  -2.3282934e-03   3.4934857e-03
   8.9462040e-02   2.2919507e-01  -4.8296959e-02  -4.7909270e-03  -2.4738585e-03   3.4257765e-03
   9.0675196e-02   2.4194695e-01  -5.4654222e-02  -6.2314747e-03  -2.5104774e-03   3.4668788e-03
   8.1282820e-02   2.5578096e-01  -3.4655627e-02  -6.7819237e-03  -2.2356137e-03   3.4123138e-03
   8.5906278e-02   2.6783000e-01  -3.0750394e-02  -6.7513981e-03  -2.4485765e-03   3.5086014e-03
   8.1245552e-02   2.3017118e-01  -4.8530737e-02  -6.4842797e-03  -2.3440753e-03   3.5908236e-03
   8.4571059e-02   2.0992856e-01  -4.5296129e-02  -5.2707102e-03  -2.3832980e-03   3.5508136e-03
   8.8059170e-02   2.5698500e-01  -2.8109655e-02  -6.2842119e-03  -2.5294777e-03   3.6689202e-03
   9.2291700e-02   1.9898029e-01  -5.7552183e-02  -5.5871605e-03  -2.6983808e-03   3.4881512e-03
   8.6423717e-02   2.5236780e-01  -2.5246947e-02  -6.4955239e-03  -2.5004140e-03   3.3780036e-03
   8.5707370e-02   2.4031864e-01  -4.3176021e-02  -5.8408080e-03  -2.5075605e-03   3.6409966e-03
   8.8794406e-02   2.1847360e-01  -6.1402165e-02  -6.1567723e-03  -2.5582070e-03   3.7511138e-03
   9.2120344e-02   2.4568440e-01  -5.8719058e-02  -5.6359958e-03  -2.4997175e-03   3.6235435e-03
   9.8601691e-02   2.3041523e-01  -7.2615460e-02  -6.5520765e-03  -2.5953476e-03   3.8182910e-03
   9.7068635e-02   2.5425735e-01  -3.3646561e-02  -6.5422846e-03  -2.4551777e-03   3.6205552e-03
   9.1869195e-02   2.5728030e-01  -4.7290999e-02  -6.8417397e-03  -2.5978857e-03   3.6503145e-03
   8.9187984e-02   2.5228726e-01  -4.7157195e-02  -6.7488177e-03  -2.6475454e-03   3.8724235e-03
   9.8966281e-02   2.5454089e-01  -4.8408580e-02  -5.8695243e-03  -2.9983377e-03   3.7868367e-03
   9.7275182e-02   1.9370413e-01  -6.7413262e-02  -5.9064906e-03  -2.9458525e-03   4.1251726e-03
   9.7837708e-02   2.6394673e-01  -3.1583324e-02  -6.1782428e-03  -2.8865465e-03   3.9031316e-03
   1.0031523e-01   2.2604598e-01  -5.2963906e-02  -6.4567924e-03  -3.0008008e-03   3.9195908e-03
   1.0163994e-01   2.4567821e-01  -3.9481368e-02  -6.4601890e-03  -3.1684470e-03   3.9783262e-03
   9.5865445e-02   2.2447189e-01  -6.2334444e-02  -7.0095429e-03  -3.1079419e-03   3.6429708e-03
   1.0184670e-01   2.8383525e-01  -5.3064626e-02  -6.3319978e-03  -3.2396608e-03   3.7293701e-03
   1.0516444e-01   2.0697403e-01  -8.0571633e-02  -6.3820841e-03  -3.3503419e-03   3.8247019e-03
   1.0511716e-01   2.5349837e-01  -2.5056744e-02  -6.4787112e-03  -3.2777841e-03   3.6540672e-03
   1.0643588e-01   2.1702792e-01  -4.4513527e-02  -6.3767097e-03  -3.3408137e-03   3.7532626e-03
   1.0802900e-01   2.8153026e-01  -2.1441214e-02  -6.9450696e-03  -3.2312899e-03   3.8280554e-03
   1.1342668e-01   2.5362215e-01  -3.9912619e-02  -6.7692199e-03  -3.3252005e-03   3.8201842e-03
   1.0816887e-01   2.1020277e-01  -5.6699957e-02  -5.7417908e-03  -3.3719330e-03   4.0644547e-03
   1.1103593e-01   2.7948199e-01  -3.6738480e-02  -6.4633571e-03  -3.4282800e-03   3.7352721e-03
   1.0608563e-01   2.0559701e-01  -5.8578542e-02  -5.7815252e-03  -3.4868076e-03   3.8598457e-03
   1.1625276e-01   2.4409244e-01  -3.2067735e-02  -6.1917518e-03  -3.6097479e-03   3.5751831e-03
   1.1390911e-01   2.5674265e-01  -4.0994760e-02  -6.7505470e-03  -3.7013447e-03   3.5762908e-03
   1.0877725e-01   2.2886080e-01  -5.2421163e-02  -6.1364206e-03  -3.6152841e-03   3.6862515e-03
   1.1422465e-01   2.9861846e-01  -2.4024875e-02  -7.0201865e-03  -3.8182632e-03   3.8945019e-03
   1.1077176e-01   2.2887024e-01  -5.1334967e-02  -6.6207425e-03  -3.5954747e-03   3.9723991e-03
   1.1071782e-01   2.7492288e-01  -2.6458772e-02  -6.8225534e-03  -3.5298054e-03   3.9452341e-03
   1.1024169e-01   2.7467365e-01  -1.7921853e-02  -6.7494867e-03  -3.4981003e-03   3.8961475e-03
   1.1132514e-01   2.0476944e-01  -4.9498083e-02  -6.0558570e-03  -3.5764053e-03   3.9918951e-03
   1.1681466e-01   2.6380105e-01  -2.5713801e-02  -6.0615263e-03  -3.6465922e-03   4.0848251e-03
   1.1396658e-01   2.4780456e-01  -6.4593009e-02  -6.3406453e-03  -3.5754431e-03   3.9824379e-03
   1.1947387e-01   2.5727548e-01  -4.9950068e-02  -7.0200587e-03  -3.7462505e-03   3.9519346e-03
   1.1546005e-01   2.7189092e-01  -3.5141417e-02  -7.0260130e-03  -3.8836658e-03   3.8901367e-03
   1.1456563e-01   2.0664419e-01  -4.8539944e-02  -6.0115375e-03  -3.9344129e-03   3.9718941e-03
   1.1606683e-01   2.5463737e-01  -8.8048365e-03  -6.4140046e-03  -4.0796053e-03   3.9186391e-03
   1.2302374e-01   2.3214944e-01  -5.2556083e-02  -6.5641125e-03  -4.2168515e-03   4.0650865e-03
   1.1888423e-01   2.9221167e-01  -2.6292377e-02  -7.1246238e-03  -4.0641503e-03   3.8461420e-03
   1.1719777e-01   2.6746255e-01  -4.1670543e-02  -7.0551325e-03  -3.9962782e-03   3.8347132e-03
   1.2241519e-01   2.4451144e-01  -4.3922781e-02  -6.8594568e-03  -4.0338022e-03   3.9780600e-03
   1.2119531e-01   2.9359003e-01  -2.9668857e-02  -7.3372934e-03  -3.9687039e-03   3.9819343e-03
   1.2598229e-01   1.9996020e-01  -7.1171727e-02  -5.9264500e-03  -4.0510476e-03   4.2388645e-03
   1.2440141e-01   2.9040316e-01  -4.1311324e-02  -6.7632385e-03  -4.0474657e-03   4.0846484e-03
   1.2087029e-01   2.0642710e-01  -6.8260543e-02  -6.5509840e-03  -3.9517256e-03   4.2149687e-03
   1.2810319e-01   2.8236299e-01  -3.0145971e-02  -6.8738106e-03  -3.9896231e-03   4.1328640e-03
   1.3337927e-01   2.1784699e-01  -6.4550965e-02  -6.4883804e-03  -4.1402371e-03   3.9437908e-03
   1.3040854e-01   2.7934330e-01  -4.9529881e-02  -6.9437469e-03  -3.8927749e-03   3.9911172e-03
   1.2959632e-01   2.5431867e-01  -5.7312262e-02  -7.1259480e-03  -3.9921865e-03   4.2306055e-03
   1.3278251e-01   2.6958225e-01  -3.3645099e-02  -7.2636017e-03  -4.0364904e-03   4.0176591e-03
   1.3540871e-01   2.7123926e-01  -2.9205060e-02  -7.3125622e-03  -4.1052152e-03   4.2740589e-03
   1.2930036e-01   2.3538491e-01  -5.1941354e-02  -7.0055826e-03  -4.0071597e-03   4.2411794e-03
   1.2556958e-01   2.8903040e-01  -2.3171913e-02  -7.2206212e-03  -3.9871894e-03   4.0949170e-03
   1.2924018e-01   2.1649339e-01  -6.6999980e-02  -5.0443831e-03  -3.9534433e-03   4.1050732e-03
   1.3411410e-01   2.5440977e-01  -4.3975298e-02  -6.5292633e-03  -4.0261533e-03   4.3165781e-03
   1.4054787e-01   2.8059091e-01  -6.4318912e-03  -6.9941255e-03  -3.9628752e-03   4.2923161e-03
   1.3316770e-01   2.8018081e-01  -2.8306519e-02  -7.1642484e-03  -3.8679337e-03   4.2874587e-03
   1.2926088e-01   2.4149217e-01  -5.5074009e-02  -6.4291874e-03  -3.9169549e-03   4.3791155e-03
   1.3392505e-01   2.9711471e-01  -2.5063000e-02  -7.1690392e-03  -4.1416765e-03   4.4995729e-03
   1.3265093e-01   2.6636759e-01  -3.6109759e-02  -7.3126408e-03  -4.1753296e-03   4.4549671e-03
   1.3019528e-01   2.1145345e-01  -1.8050832e-02  -6.5782017e-03  -3.9919861e-03   3.9259957e-03
   1.3292944e-01   2.4109137e-01  -2.2362978e-02  -6.0236223e-03  -4.1183898e-03   4.3302660e-03
   1.2649447e-01   2.4018267e-01  -3.5966324e-02  -6.6613040e-03  -3.8640700e-03   4.2000243e-03
   1.3073471e-01   3.0755969e-01  -2.2718534e-02  -7.3688296e-03  -3.9965315e-03   4.1837998e-03
