   0.0000000e+00   0.0000000e+00  -1.4210855e-14   2.7755576e-17  -3.4694470e-18   9.6296497e-35
  -5.3480607e-03   3.1247043e-03   3.9539392e-02  -1.7626793e-04  -2.9225195e-05   7.0260345e-05
  -3.1315993e-03   3.5100526e-02   7.0873719e-02  -1.0860634e-04  -1.0837953e-04   1.5995397e-04
  -7.3976719e-04  -1.1701120e-02   5.6485765e-02   6.8236672e-04  -7.8834428e-05   2.9034109e-04
  -7.0522027e-04   8.0305394e-02   9.5270179e-02  -4.0876984e-04   1.6813514e-04   2.6379341e-04
   2.0276473e-05   7.8394242e-03   4.8793824e-02   9.0110251e-04   1.4499699e-04   4.3206966e-04
  -5.5057546e-03   2.0074489e-02   4.0104041e-02   4.1480275e-04   5.3315430e-05   4.1203830e-04
  -7.8592202e-03   2.9673793e-02   6.8163810e-02   3.1439715e-04  -4.3590870e-05   3.6838088e-04
  -9.8152229e-03  -1.4818464e-03   4.0149281e-02   6.7854367e-04  -5.9628118e-05   7.6229069e-05
   4.1332113e-03   8.3151621e-02   1.0163312e-01  -3.3349887e-04  -3.7366713e-04   2.4021795e-05
  -2.9719987e-04   1.2652206e-02   5.9907933e-02   5.6893476e-04  -5.0898347e-04  -1.8111910e-04
  -5.7843141e-03   1.0357496e-01   9.5412389e-02  -8.5423692e-04  -4.6558105e-04  -1.3388025e-04
  -6.2344679e-03   3.3202108e-02   6.4315019e-02   3.8719899e-04  -5.4600193e-04  -3.2478054e-04
  -5.0126600e-03   5.0893671e-02   5.0754530e-02  -2.3825622e-04  -7.1834118e-04  -3.4535853e-04
  -5.3398462e-03   6.8878497e-02   7.5717829e-02  -5.6650460e-04  -6.5948289e-04  -4.0238572e-04
  -5.4982943e-03   1.6164920e-02   3.4527483e-02  -7.1311395e-05  -6.6875109e-04  -3.1767505e-04
   1.5096830e-03   6.9016351e-02   8.1408873e-02  -1.1869250e-04  -6.6386080e-04  -3.1810892e-04
   6.9832622e-03   1.1825398e-02   5.5057758e-02   6.9278883e-04  -9.3053674e-04  -3.8599555e-04
   3.0997985e-04   2.9950725e-02   7.1454159e-02   3.6735962e-04  -7.5313371e-04  -2.7382979e-04
   3.5547627e-03   6.3215458e-02   7.7118773e-02  -3.5908088e-04  -7.7775930e-04  -3.9115096e-04
   4.4394338e-03   5.9005238e-03   3.9036295e-02  -1.9997955e-05  -9.1283447e-04  -2.9155965e-04
   5.4642539e-03   5.9008592e-02   7.2138642e-02  -2.3398009e-04  -7.8556066e-04  -4.1247686e-04
   8.3092139e-03  -1.2697197e-02   4.2955749e-02   5.8050232e-04  -1.0053682e-03  -4.2060644e-04
   1.1188444e-02   5.3027526e-02   7.1097646e-02   8.2128068e-06  -1.0091236e-03  -2.9332243e-04
   1.2361122e-02   3.7394103e-02   5.7016544e-02   2.6772763e-04  -9.3693495e-04  -4.6166570e-04
   1.4142939e-02   1.5323419e-02   4.2240735e-02   1.7248468e-04  -9.8810054e-04  -3.4644536e-04
   1.0351374e-02   5.1063786e-02   6.6035780e-02  -3.6763417e-05  -7.2752016e-04  -2.4514956e-04
   1.3215853e-02  -1.7349002e-02   3.2749184e-02   7.2189686e-04  -8.3893099e-04  -1.9283038e-04
   2.1530361e-02   6.3333925e-02   8.9875753e-02   4.4894483e-04  -1.0222473e-03  -2.4191605e-04
   1.1347534e-02   1.3337222e-02   5.6626350e-02   3.5463572e-04  -9.2499475e-04  -1.8117006e-04
   1.1296195e-02   5.0435061e-02   8.8053618e-02   1.4758254e-04  -8.8347179e-04  -3.2849243e-04
   9.6774528e-03   3.5350325e-02   8.2985409e-02  -6.1702313e-05  -7.5441219e-04  -2.6385421e-04
   2.9877972e-03  -7.0217776e-03   4.4612540e-02   6.6966175e-04  -7.5482611e-04  -9.5882578e-05
   9.6151264e-03   4.1256058e-02   8.6490850e-02   6.5200710e-04  -7.1037746e-04  -1.8034088e-06
   1.4589539e-02  -7.1236599e-03   4.6995598e-02   1.1401518e-03  -8.4705216e-04  -1.3566486e-04
   1.0275926e-02   3.4998288e-02   6.9911179e-02   3.8087211e-04  -8.0211433e-04  -9.0186852e-05
   8.2958520e-03   3.6542822e-02   8.2860764e-02   3.1958025e-04  -7.4673199e-04   1.1555957e-04
   6.5378203e-03  -1.4616635e-02   3.6472537e-02   9.2437581e-04  -7.1520162e-04   2.3230086e-04
   1.9076221e-02   6.8128755e-02   9.4598876e-02   4.4012967e-04  -7.5293433e-04   1.4474712e-04
   1.2405099e-02   1.1121677e-02   4.1703849e-02   7.4907644e-04  -5.4742185e-04   1.9456889e-04
   1.1784536e-02   6.3727068e-02   6.7800291e-02   2.4343242e-04  -4.8165491e-04   3.8444293e-04
   9.5704808e-03   2.0426409e-02   5.2802768e-02   2.7991691e-04  -5.2186462e-04   3.8238014e-04
   4.3695213e-03   5.3712922e-02   8.8997845e-02   1.4026859e-04  -4.5510618e-04   4.4753418e-04
   8.3164207e-03   3.4057817e-02   8.4710510e-02   4.2037449e-04  -5.7119690e-04   4.5497917e-04
   1.3856581e-02   3.2649007e-02   5.9104321e-02   6.6639272e-04  -7.5252781e-04   5.8193500e-04
   1.2021950e-02   8.6173499e-02   8.1402266e-02  -4.5045191e-05  -7.0477308e-04   1.8084181e-04
   1.0542846e-02   6.5680539e-02   6.5104600e-02   4.7471847e-05  -6.7793720e-04   4.1511261e-04
   1.1030677e-02   8.9759443e-02   8.6432478e-02  -4.1495467e-04  -7.1287996e-04   4.4856376e-04
   8.0383919e-03   2.4372360e-02   4.0873965e-02   6.4160027e-05  -6.2344823e-04   7.3692760e-04
   1.4414599e-02   5.4277212e-02   7.7239109e-02   1.6081909e-04  -6.4217649e-04   9.0118735e-04
   1.5843802e-02   3.5943578e-02   4.5781085e-02   1.1505375e-04  -6.1184335e-04   7.7514503e-04
   2.1456844e-02   2.3753280e-02   5.3390141e-02   3.6056793e-04  -7.5214943e-04   9.1814763e-04
   1.6399596e-02   7.4079218e-02   6.0916745e-02  -1.0632960e-04  -5.8216963e-04   7.5724915e-04
   1.7538486e-02   4.3262510e-02   1.7626732e-02  -3.5781190e-04  -3.6739440e-04   9.6890026e-04
   1.7120051e-02   9.6131827e-02   5.4125964e-02  -7.8544017e-04  -1.9824867e-04   9.6676868e-04
   1.4852266e-02   2.0511571e-02  -5.0231374e-03  -2.4738311e-06  -1.3790949e-04   1.1228361e-03
   2.2103917e-02   3.3817875e-02   1.3051003e-02   6.0708182e-04  -2.2702289e-04   1.1910436e-03
   2.8376494e-02   6.9218284e-02   2.0370610e-03  -5.2647282e-04  -3.2030620e-04   1.3586789e-03
   1.9752415e-02   6.0658777e-02   1.8682504e-03  -4.5774681e-04  -8.6569138e-05   1.1944828e-03
   2.1213639e-02   8.7078578e-02   2.1622886e-02  -4.3308183e-04  -1.9322741e-04   1.1372681e-03
   1.3805299e-02   4.0370312e-02   6.0720840e-04  -1.9515406e-04  -1.3676276e-04   1.2749732e-03
   1.6307422e-02   9.1387777e-02   3.9228329e-02  -1.9227217e-04  -4.0787023e-04   1.1390021e-03
   1.9549839e-02   3.4109351e-02   1.0072151e-02   1.0638705e-05  -4.9480193e-04   1.3859178e-03
   1.7649145e-02   9.5156484e-02   7.0110285e-02  -3.6388438e-04  -2.5803047e-04   1.2246023e-03
   2.4621656e-02   4.0576795e-02   2.5835577e-02  -2.6005768e-04  -3.0383809e-04   1.3070490e-03
   2.6554024e-02   6.7287265e-02   4.9252174e-02  -5.2663195e-04  -3.0679225e-04   1.3280194e-03
   2.6664650e-02   6.5480423e-02   3.7690447e-02  -3.1792886e-04  -4.2712534e-04   1.2784573e-03
   2.0728453e-02   3.7611907e-03   1.4973885e-02   1.0341680e-03  -2.9042848e-04   1.3809975e-03
   2.0618262e-02   1.0288983e-01   8.4334101e-02  -9.1659066e-04  -3.4257066e-04   1.3867980e-03
   2.5145429e-02   2.5237343e-02   3.6171498e-02  -2.2207879e-04  -4.9259006e-04   1.1633009e-03
   2.3498532e-02   7.9944081e-02   6.0044100e-02  -9.1677526e-04  -3.7762046e-04   1.1824092e-03
   2.1236406e-02   6.6009852e-02   8.2673220e-02  -5.0846490e-04  -5.1510774e-04   1.1546657e-03
   2.3681889e-02   1.4387966e-02   4.8455596e-02  -1.1238567e-04  -6.0905903e-04   1.2377980e-03
   2.1469956e-02   4.6867484e-02   6.3057990e-02  -2.8799221e-04  -4.9465623e-04   1.1651515e-03
   3.1419361e-02   4.6396605e-02   3.8181681e-02  -2.0136748e-04  -6.6661562e-04   8.5937280e-04
   2.7794880e-02   5.8655755e-02   7.0422904e-02  -4.6704218e-04  -4.9909893e-04   9.6759338e-04
   3.0818467e-02   9.5638036e-02   1.1527531e-01  -6.0407737e-04  -4.9773294e-04   1.0085174e-03
   2.6667029e-02   5.3673933e-02   6.0343664e-02  -2.3800895e-04  -5.2796753e-04   1.2587646e-03
   2.7442456e-02   8.1991550e-02   8.2424183e-02  -4.0784244e-04  -5.6269010e-04   1.2025060e-03
   2.8093273e-02   6.1143647e-02   4.1592014e-02  -1.6205989e-04  -6.4932345e-04   1.1333514e-03
   2.3186166e-02   2.3522224e-02   2.5358574e-02   9.1606498e-04  -5.9301590e-04   1.2064859e-03
   2.7034068e-02   8.5439863e-02   7.7138665e-02  -1.9462297e-04  -7.2485412e-04   1.2809252e-03
   2.5845921e-02   3.4113245e-02   4.3012686e-02   2.2144557e-04  -7.7591976e-04   1.1754723e-03
   2.2842928e-02   1.0441792e-01   9.6534914e-02  -8.4697810e-04  -5.2181299e-04   1.0717411e-03
   2.4341045e-02   3.6313679e-02   5.1163819e-02  -3.8244274e-04  -5.4620705e-04   1.1020976e-03
   2.5828742e-02   2.5104317e-02   3.8086290e-02   9.6808267e-05  -4.0932232e-04   1.3709526e-03
   2.7106736e-02   2.1817045e-02   3.6646970e-02   9.8531010e-05  -5.2148903e-04   1.4154356e-03
   2.5795343e-02   2.2946864e-02   1.7826986e-02   1.4463573e-04  -5.2863878e-04   1.4061134e-03
   2.9103030e-02   4.8390346e-02   4.6342838e-02  -2.0466276e-04  -5.6038803e-04   1.3300188e-03
   3.3770540e-02   1.4529173e-02   1.5478145e-02   7.3535623e-05  -7.7254072e-04   1.2616589e-03
   3.1387059e-02   9.2220818e-02   5.2364863e-02  -5.8490003e-04  -5.5694169e-04   1.3228185e-03
   3.2989759e-02   9.0919500e-04  -2.3621669e-02   7.4483803e-04  -6.2066593e-04   1.5738714e-03
   3.4928075e-02   7.3657012e-02   2.0509285e-02  -8.6489618e-04  -5.4907020e-04   1.3245742e-03
   2.5920413e-02   8.0096756e-03  -2.8876239e-02  -1.6192809e-04  -5.9359127e-04   1.4328676e-03
   2.3944228e-02   5.1747377e-02   1.2639776e-02  -3.7068917e-04  -4.9551134e-04   1.2695665e-03
   3.6102687e-02  -5.3690199e-03  -1.4182783e-02   1.2511343e-04  -9.2703296e-04   1.1941560e-03
   3.0828334e-02   4.5916390e-02   2.0172423e-02  -4.0884338e-04  -8.0879558e-04   1.2967336e-03
   2.8586248e-02  -1.0007802e-02  -1.6578243e-02   9.5305932e-04  -8.7779507e-04   1.3175790e-03
   3.2302908e-02   2.3580185e-02  -2.0563442e-02  -2.6700547e-04  -1.0454019e-03   1.3419670e-03
   3.3540643e-02   3.2603186e-02  -2.4007904e-03  -6.8900386e-04  -1.0855922e-03   1.3106403e-03
   3.0850205e-02   5.9755576e-03  -3.5113770e-02  -3.0405199e-04  -9.9947845e-04   1.3002042e-03
   3.9263403e-02   1.9557173e-02  -2.1790096e-02  -4.8196273e-05  -1.2281105e-03   1.2160572e-03
   4.7527626e-02  -3.3493240e-02  -4.6048218e-02   8.2016660e-04  -1.4889435e-03   1.1661227e-03
   4.2660911e-02   4.4986719e-02   5.9971399e-03  -8.7156645e-05  -1.3789910e-03   1.3548065e-03
   3.9619259e-02  -6.2123834e-03  -3.9667074e-02   2.3703129e-04  -1.1544838e-03   1.3217832e-03
   3.5718990e-02   3.6527607e-02   2.3141489e-03  -2.4251663e-04  -1.0410826e-03   1.3218199e-03
   3.5222499e-02  -1.0338637e-02  -3.8567657e-02   6.4315082e-05  -1.0549698e-03   1.4745705e-03
   3.5658050e-02  -4.0579165e-03  -4.0622210e-02   7.3889445e-04  -1.0753097e-03   1.5270781e-03
   4.1908305e-02   5.4670077e-04  -4.0543963e-02   1.4019106e-03  -1.2611288e-03   1.4321101e-03
   3.6323568e-02  -1.6543482e-02  -5.9492065e-02   5.3035503e-04  -1.0459946e-03   1.3597688e-03
   3.8197667e-02   2.8061344e-02  -2.0284075e-02  -3.9021762e-04  -9.9805318e-04   1.4061702e-03
   4.1249709e-02  -5.3758418e-02  -6.5520247e-02   7.3469986e-04  -1.1734509e-03   1.4298867e-03
   3.7753183e-02   4.1092419e-03  -2.1515966e-02   2.4113365e-04  -1.0589601e-03   1.5515121e-03
   4.5200218e-02  -1.0584634e-02  -5.2551113e-02   4.2489627e-04  -1.2600204e-03   1.4676236e-03
   3.9087236e-02   1.5270195e-02  -4.0808529e-02  -8.5871205e-06  -9.8500867e-04   1.6047337e-03
   4.1097081e-02   1.9393701e-02  -5.7798972e-02  -1.3126399e-04  -1.0341528e-03   1.3891311e-03
   3.4315949e-02  -7.7743062e-03  -6.4885223e-02  -2.5105320e-04  -9.6378048e-04   1.4876223e-03
   3.8880811e-02  -2.1914844e-02  -5.7784081e-02  -2.1220737e-04  -1.0599215e-03   1.3093130e-03
   4.6167927e-02  -3.4436915e-03  -2.4827979e-02   7.3009940e-04  -1.0171512e-03   1.3770552e-03
   5.0724235e-02  -5.0654685e-02  -7.2895982e-02   7.5657233e-04  -1.1879370e-03   1.3074000e-03
   6.1035807e-02   2.1789084e-02  -3.2210285e-02  -4.8078867e-04  -1.3698233e-03   1.1706456e-03
   5.7848085e-02  -1.0085155e-02  -6.2473440e-02  -3.5749791e-04  -1.3885096e-03   1.1109919e-03
   5.2619833e-02   1.4567297e-02  -5.5063089e-02  -7.6833577e-04  -1.1594323e-03   1.2196625e-03
   5.5902242e-02   3.3402028e-02  -4.9434250e-02  -7.5435776e-04  -1.2345448e-03   1.3746942e-03
   4.7457529e-02  -3.5938889e-02  -8.3600132e-02   6.4663847e-05  -1.1073091e-03   1.3875765e-03
   4.6270571e-02   1.8777637e-02  -3.8304971e-02  -4.3250157e-04  -1.1733114e-03   1.4251824e-03
   4.9774198e-02  -3.8797647e-02  -8.5972237e-02   2.1314626e-04  -1.2902884e-03   1.3078861e-03
   5.4594858e-02  -3.0037105e-03  -4.6327725e-02   7.3431699e-05  -1.3801784e-03   1.2083983e-03
   6.3483496e-02   3.5803352e-03  -6.5401502e-02  -3.4192379e-04  -1.6687699e-03   1.1127621e-03
   5.6168648e-02  -4.8213786e-02  -4.4455363e-02  -2.5258736e-05  -1.3853742e-03   9.1947067e-04
   5.1115527e-02  -1.9485894e-02  -8.2705941e-02   3.3969735e-04  -1.4682741e-03   8.7143114e-04
   5.2682986e-02  -3.2237505e-02  -6.7816981e-02  -1.1940633e-04  -1.5414184e-03   8.7021743e-04
   5.2085889e-02   2.0100380e-02  -5.6844827e-02  -6.8578314e-04  -1.5532608e-03   6.1469351e-04
   4.9104430e-02  -2.9883760e-02  -1.0062489e-01  -8.9633793e-05  -1.5120347e-03   6.8083333e-04
   5.1792319e-02   2.6319445e-02  -2.5004896e-02  -5.5989715e-04  -1.5248493e-03   6.8151572e-04
   5.2720316e-02  -7.4638076e-02  -7.4559195e-02   3.8920677e-04  -1.5572079e-03   7.3629061e-04
   5.8126184e-02   2.0450084e-03  -3.4543199e-02  -4.2456408e-04  -1.7473658e-03   8.3765614e-04
   5.7014117e-02  -3.4630285e-02  -7.6526440e-02   1.2556153e-05  -1.8468029e-03   5.7640719e-04
   5.3229333e-02  -1.3958341e-02  -7.7068851e-02  -5.0330463e-04  -1.6222362e-03   5.9329689e-04
   5.7297579e-02  -7.8797711e-03  -6.7740120e-02  -3.7332475e-04  -1.8284579e-03   6.0796098e-04
   5.0886703e-02  -5.4623575e-02  -9.6324164e-02  -2.7194212e-04  -1.6835990e-03   7.8721456e-04
   5.7967377e-02  -9.3948805e-03  -5.9031152e-02   4.0429366e-04  -1.8759616e-03   6.3131430e-04
   5.6380136e-02  -8.2826999e-02  -9.5020518e-02   2.6629694e-05  -1.8732855e-03   7.0648046e-04
   6.2961955e-02   1.7199965e-02  -4.0574531e-02  -4.4921678e-04  -1.9733915e-03   6.1333386e-04
   6.0794276e-02  -4.4047327e-02  -9.0356404e-02  -2.8782613e-04  -1.8796011e-03   5.5549323e-04
   5.9571502e-02  -2.6980941e-04  -6.1661023e-02  -6.2236399e-04  -1.7405306e-03   6.2053759e-04
   6.7010273e-02  -3.5451780e-02  -9.6294682e-02   5.9487289e-05  -1.8820217e-03   6.6021686e-04
   5.8039502e-02  -6.6763736e-02  -1.1728764e-01   2.0469100e-04  -1.8408937e-03   8.2558049e-04
   6.2772577e-02  -1.5473787e-02  -7.7504110e-02  -2.3411630e-04  -2.0463713e-03   5.7151351e-04
   5.8126782e-02  -7.4576938e-02  -1.1116463e-01   9.2237475e-04  -2.0662184e-03   8.9242761e-04
   5.8763554e-02   2.4144888e-03  -4.1610305e-02  -1.8350703e-04  -1.8706069e-03   7.6574359e-04
   6.2765822e-02  -7.1956786e-02  -7.7312081e-02   2.2388960e-04  -1.9155916e-03   8.6971433e-04
