   0.0000000e+00   0.0000000e+00   0.0000000e+00   0.0000000e+00  -3.4694470e-18   0.0000000e+00
  -1.4238749e-04   3.8145997e-02   6.1260288e-02   5.0036123e-04  -1.5775694e-04  -6.3010659e-05
  -1.9402029e-03   1.9883696e-02   5.2421459e-02   1.6532806e-05  -1.1856105e-04  -4.1094687e-05
   6.4856998e-04   8.1819613e-02   7.7205509e-02  -1.6954470e-04  -1.3386965e-04   4.6372355e-05
   2.0285836e-03   5.3885498e-02   5.3504053e-02   8.0061302e-05  -9.7405947e-05   2.9230955e-04
   8.1625604e-04   5.5842600e-02   5.2923187e-02   1.5506997e-04  -1.2277644e-04   4.4364088e-04
   6.6231469e-03   9.7305427e-02   7.3575386e-02  -1.7868347e-04  -2.5663547e-04   6.2873681e-04
   5.8383456e-03   6.9057623e-02   6.1568378e-02  -3.2904960e-04  -1.6517522e-04   6.6033711e-04
   3.3091665e-03   1.3922500e-01   9.3223937e-02  -9.3834293e-04  -1.3412814e-04   5.1564876e-04
   2.0337861e-03   7.2694520e-02   3.8534000e-02  -4.7435107e-04  -1.7596813e-04   7.8008173e-04
   4.4751361e-03   1.3310514e-01   7.0366433e-02  -9.3925275e-04  -2.5137798e-04   7.4648298e-04
   3.5511251e-03   8.1694912e-02   3.3060747e-02  -7.0061465e-04  -2.9164124e-04   9.6860039e-04
   3.1914629e-03   7.7173577e-02   4.8708141e-02  -3.5533080e-04  -3.3992469e-04   9.5422625e-04
   1.2062695e-02   1.1853998e-01   4.7447853e-02  -1.0300252e-03  -6.5834451e-04   1.2046303e-03
   8.6907451e-03   9.6755759e-02   5.3376191e-02  -1.0751693e-03  -4.9732673e-04   1.2269876e-03
   1.0266930e-02   1.3701959e-01   8.2513342e-02  -1.1583799e-03  -5.5989303e-04   1.1199956e-03
   1.6690115e-02   6.8344022e-02   3.8886887e-02  -5.6866582e-05  -8.4244071e-04   1.2385755e-03
   1.4047819e-02   1.1487817e-01   5.5283149e-02  -4.0649980e-04  -7.3712189e-04   1.2733237e-03
   1.6703323e-02   1.5626577e-01   4.4490865e-02  -1.8407663e-03  -8.5415118e-04   1.4019206e-03
   1.2524868e-02   1.3843190e-01   3.9675051e-02  -1.6507074e-03  -8.1565097e-04   1.1775505e-03
   1.7038927e-02   1.5393451e-01   5.4602862e-02  -1.7449904e-03  -9.1824405e-04   1.3383137e-03
   1.6444496e-02   1.1963833e-01   2.2459520e-02  -1.7421520e-03  -8.6791166e-04   1.5829142e-03
   2.2227642e-02   1.7633431e-01   6.1380277e-02  -1.8101159e-03  -1.0361374e-03   1.5788958e-03
   2.4335677e-02   9.6065750e-02   2.3766418e-02  -3.1139400e-04  -1.1214030e-03   1.5888751e-03
   2.8258717e-02   1.2313434e-01   3.7436596e-02  -1.0387384e-03  -1.3029866e-03   1.7290415e-03
   2.5437902e-02   1.7409117e-01   5.6981606e-02  -2.0171041e-03  -1.2653125e-03   1.7466980e-03
   2.0247774e-02   1.2497720e-01   2.3708946e-02  -1.6879678e-03  -1.1381828e-03   1.9061507e-03
   3.1447552e-02   1.3990312e-01   6.0058540e-02  -2.0771326e-03  -1.6040743e-03   1.5608984e-03
   3.3341049e-02   1.7835972e-01   4.9264107e-02  -3.3440969e-03  -1.9829946e-03   1.9255393e-03
   2.4077815e-02   1.9746135e-01   6.6243407e-02  -3.0828083e-03  -1.6771269e-03   1.8993855e-03
   2.4702484e-02   1.8193786e-01   4.7745109e-02  -2.8664637e-03  -1.8241756e-03   1.8800300e-03
   2.0453123e-02   1.4526328e-01   3.5272457e-02  -2.8937005e-03  -1.7833160e-03   1.9006794e-03
   2.8741306e-02   2.2106500e-01   9.6741912e-02  -3.4250836e-03  -2.0454268e-03   1.8839217e-03
   1.9561216e-02   1.4634531e-01   6.2186109e-02  -2.6923712e-03  -1.7605595e-03   2.2742477e-03
   2.4618447e-02   1.9589558e-01   7.1425722e-02  -2.9109986e-03  -1.7942901e-03   1.9531742e-03
   2.5684933e-02   1.8555340e-01   3.2064145e-02  -3.4324784e-03  -1.9214693e-03   2.2067919e-03
   2.3440401e-02   1.7259924e-01   3.4236748e-02  -3.0762739e-03  -1.9009713e-03   2.0320570e-03
   2.8462400e-02   2.0902313e-01   5.8071933e-02  -3.1772703e-03  -2.1897454e-03   1.9074351e-03
   1.8584103e-02   1.9184553e-01   3.5723352e-02  -3.2876749e-03  -1.8830798e-03   2.0094458e-03
   2.1788546e-02   2.2035784e-01   6.6967262e-02  -3.4141641e-03  -1.8955669e-03   1.8526591e-03
   2.3223173e-02   1.4979998e-01   2.8811077e-02  -2.7619567e-03  -1.9640682e-03   2.0748317e-03
   2.5358979e-02   1.8185865e-01   4.6976826e-02  -2.9169288e-03  -2.0449750e-03   1.9461360e-03
   3.1322658e-02   2.0797138e-01   6.5307454e-02  -3.2139799e-03  -2.2786645e-03   1.9115851e-03
   2.4095840e-02   1.7372593e-01   4.9595423e-02  -3.1504752e-03  -1.9976112e-03   1.9562568e-03
   2.7302024e-02   2.2011418e-01   7.8060443e-02  -3.3964392e-03  -2.0498706e-03   1.7972867e-03
   3.1678172e-02   1.3573236e-01   2.9481208e-02  -2.0739341e-03  -2.2595772e-03   1.8430592e-03
   2.7493679e-02   1.8580546e-01   5.8817284e-02  -2.9659633e-03  -2.2949860e-03   2.1122954e-03
   2.5773899e-02   2.2048378e-01   7.0803024e-02  -3.4910575e-03  -2.2807905e-03   1.9365172e-03
   2.5701474e-02   1.5039628e-01   3.0418626e-02  -2.8832282e-03  -2.2771517e-03   2.1195568e-03
   3.3236742e-02   1.9796798e-01   6.5202945e-02  -3.1657020e-03  -2.4771712e-03   2.0327644e-03
   3.1343854e-02   1.5542014e-01   2.9180503e-02  -2.8634892e-03  -2.4101911e-03   2.1706469e-03
   2.6615741e-02   1.9582898e-01   5.3939714e-02  -2.6873983e-03  -2.2782068e-03   2.2295785e-03
   2.7012878e-02   1.8125989e-01   2.5804076e-02  -2.6584952e-03  -2.4613817e-03   2.0298303e-03
   2.8767456e-02   1.6151487e-01   3.4422468e-02  -2.4876340e-03  -2.5526096e-03   2.0799333e-03
   2.6475135e-02   2.4632427e-01   7.8722584e-02  -3.6872412e-03  -2.3434655e-03   1.9067151e-03
   3.0096457e-02   1.6351002e-01   4.3486233e-02  -2.8834557e-03  -2.4280967e-03   2.1295088e-03
   3.0591549e-02   1.7978964e-01   6.5325976e-02  -3.0000903e-03  -2.4667301e-03   2.3061923e-03
   2.9576224e-02   2.2993481e-01   6.9983526e-02  -3.6979354e-03  -2.3496827e-03   2.0761057e-03
   2.7945563e-02   1.5070321e-01   2.9017528e-02  -2.9479332e-03  -2.4354474e-03   2.2244350e-03
   3.3126194e-02   2.1770982e-01   7.0146846e-02  -3.2946038e-03  -2.6647604e-03   2.0578355e-03
   2.8845896e-02   1.9592572e-01   4.2703664e-02  -3.1771519e-03  -2.6465582e-03   2.0896132e-03
   2.4035824e-02   1.9678171e-01   4.0405546e-02  -3.2666579e-03  -2.5017674e-03   2.2559545e-03
   2.4993101e-02   2.0281784e-01   5.1449451e-02  -2.7040324e-03  -2.5822119e-03   2.1661011e-03
   2.7196061e-02   1.6016998e-01   3.0169420e-02  -2.1663567e-03  -2.6957001e-03   2.3375071e-03
   2.1602100e-02   2.6559917e-01   8.5017538e-02  -3.9868307e-03  -2.3621868e-03   2.1915619e-03
   2.6728792e-02   1.7454258e-01   3.9306933e-02  -3.1187875e-03  -2.4839016e-03   2.2732928e-03
   2.2431625e-02   1.8939725e-01   6.0184112e-02  -3.1169749e-03  -2.4311874e-03   2.3647429e-03
   2.2066085e-02   2.2759028e-01   7.1772198e-02  -3.0998961e-03  -2.6075861e-03   2.2489902e-03
   2.1689343e-02   1.8378133e-01   4.8866456e-02  -3.5455539e-03  -2.5571065e-03   2.1821869e-03
   1.9889279e-02   1.8977124e-01   3.1229499e-02  -3.2846377e-03  -2.3240511e-03   2.2096125e-03
   1.9543661e-02   2.8058787e-01   1.1190996e-01  -4.3879662e-03  -2.1247697e-03   2.0223305e-03
   2.0100363e-02   1.7358609e-01   4.3985464e-02  -3.4793321e-03  -2.1385246e-03   2.2672259e-03
   2.6958620e-02   2.1482903e-01   8.1731404e-02  -3.4767402e-03  -2.2623694e-03   2.3430892e-03
   2.7014072e-02   2.0661232e-01   6.0346721e-02  -3.4772741e-03  -2.2474052e-03   2.4739940e-03
   2.9094797e-02   2.0861114e-01   5.7847993e-02  -3.7195309e-03  -2.2453501e-03   2.3787156e-03
   3.1306774e-02   2.1714736e-01   6.6188018e-02  -3.5166164e-03  -2.4288206e-03   2.2712575e-03
   2.2652039e-02   1.8225383e-01   4.1314647e-02  -3.1043657e-03  -2.4511227e-03   2.5966197e-03
   2.3382451e-02   2.8274257e-01   8.3426306e-02  -3.9010971e-03  -2.4935158e-03   2.2410047e-03
   1.8222405e-02   1.8676438e-01   3.6698933e-02  -3.3200087e-03  -2.4290339e-03   2.3967837e-03
   1.7921108e-02   2.2168195e-01   5.7593875e-02  -3.4961015e-03  -2.5318180e-03   2.4869065e-03
   2.8363089e-02   1.9693434e-01   4.4877833e-02  -2.7123952e-03  -2.7262592e-03   2.2371757e-03
   2.1969405e-02   2.0086395e-01   3.5161160e-02  -3.0680557e-03  -2.4597791e-03   2.2201550e-03
   3.0374262e-02   2.3628894e-01   7.2282928e-02  -3.8790612e-03  -2.6530827e-03   2.3673643e-03
   2.4414862e-02   1.6615144e-01   4.2134750e-02  -3.1327907e-03  -2.5915618e-03   2.6178766e-03
   2.5759585e-02   2.5285051e-01   9.3449522e-02  -4.0579603e-03  -2.5909416e-03   2.4619996e-03
   3.1740147e-02   1.9852437e-01   4.5271695e-02  -3.6627140e-03  -2.7457512e-03   2.5431971e-03
   2.0332434e-02   1.9108777e-01   4.2713674e-02  -3.5023112e-03  -2.6387765e-03   2.6147582e-03
   3.0783459e-02   2.1368321e-01   5.8679804e-02  -2.9591189e-03  -2.9266288e-03   2.3835315e-03
   2.7121912e-02   1.7881466e-01   3.7703612e-02  -3.4404584e-03  -2.6739496e-03   2.4809113e-03
   3.0091451e-02   2.4147851e-01   6.1458763e-02  -3.6937981e-03  -2.7516384e-03   2.5014896e-03
   3.4596941e-02   1.8663424e-01   3.1541987e-02  -3.3251331e-03  -2.7438100e-03   2.4928065e-03
   3.2990380e-02   1.6298440e-01   4.2661631e-02  -2.5525191e-03  -2.7814731e-03   2.5353614e-03
   3.2445767e-02   2.6265613e-01   7.7952202e-02  -4.2143053e-03  -2.7334926e-03   2.5361364e-03
   3.4755725e-02   1.8648252e-01   4.5368319e-02  -3.5163225e-03  -2.6562419e-03   2.4719557e-03
   2.1814345e-02   2.2525089e-01   8.4881365e-02  -3.5535665e-03  -2.4284886e-03   2.6352596e-03
   2.5004527e-02   1.9537627e-01   5.3972110e-02  -2.9754972e-03  -2.6915063e-03   2.7954395e-03
   2.1651492e-02   1.9901799e-01   5.5697305e-02  -2.7980242e-03  -2.7232143e-03   3.0718176e-03
   2.5350423e-02   2.5969898e-01   6.4799047e-02  -3.6270866e-03  -2.6528910e-03   2.7154530e-03
   2.2004603e-02   1.8844023e-01   3.7073475e-02  -2.7091909e-03  -2.7157504e-03   2.9665755e-03
   2.2372211e-02   2.3118229e-01   7.8552748e-02  -3.6039994e-03  -2.6003956e-03   2.9847390e-03
   2.6316481e-02   1.9316382e-01   5.6307513e-02  -2.8004397e-03  -2.7997074e-03   2.9012472e-03
   1.8550615e-02   1.9375856e-01   5.5921357e-02  -2.9768814e-03  -2.7012065e-03   3.0753480e-03
   2.1647968e-02   2.4747445e-01   7.7984328e-02  -3.1966951e-03  -2.7863701e-03   2.9022020e-03
   2.6693249e-02   2.0621679e-01   4.3392706e-02  -3.5568584e-03  -2.8151207e-03   3.2111237e-03
   2.4064110e-02   2.1201836e-01   6.3931551e-02  -3.4293615e-03  -2.7242369e-03   3.1096973e-03
   2.9385684e-02   1.9755035e-01   5.3282398e-02  -3.2265178e-03  -2.8254040e-03   3.0692622e-03
   2.0280376e-02   1.6369612e-01   3.1039107e-02  -2.1228768e-03  -2.5641271e-03   3.2609941e-03
   3.0818387e-02   2.6926125e-01   8.2713294e-02  -3.7898036e-03  -2.6403047e-03   3.0682990e-03
   2.7260767e-02   1.6758574e-01   3.1713103e-02  -2.1433274e-03  -2.6973974e-03   3.2497099e-03
   3.0054372e-02   2.0618672e-01   5.6931695e-02  -2.9806676e-03  -2.8543754e-03   3.5321612e-03
   4.3676956e-02   1.8549105e-01   5.3078097e-02  -2.8805486e-03  -3.0438195e-03   3.4268542e-03
   3.7216154e-02   1.6906703e-01   3.5702764e-02  -2.7088611e-03  -2.8606615e-03   3.5317401e-03
   3.7819680e-02   2.4760595e-01   8.0836060e-02  -3.6258979e-03  -3.0119448e-03   3.5548319e-03
   3.6617106e-02   1.6466378e-01   3.4445337e-02  -2.6081090e-03  -2.9720630e-03   3.5942087e-03
   3.6630656e-02   2.1290861e-01   6.4152245e-02  -3.4422213e-03  -2.9926134e-03   3.8538803e-03
   3.8402038e-02   1.7594342e-01   3.7467299e-02  -3.1811991e-03  -3.0407174e-03   3.7425733e-03
   3.5580183e-02   1.9126803e-01   7.3487572e-02  -3.2110634e-03  -2.9971981e-03   3.8120386e-03
   4.2388126e-02   1.9638968e-01   6.7939295e-02  -3.0620920e-03  -3.1929058e-03   3.7494030e-03
   3.3394968e-02   2.2320914e-01   7.8734521e-02  -3.3540526e-03  -3.0479394e-03   3.8554201e-03
   3.1245123e-02   2.1772670e-01   8.4339736e-02  -2.3634259e-03  -3.1166628e-03   3.5993055e-03
   2.0641455e-02   1.8869200e-01   6.2007025e-02  -3.0720901e-03  -3.0392876e-03   3.8090901e-03
   2.5646320e-02   2.3240792e-01   1.0595076e-01  -3.4519875e-03  -3.1064028e-03   3.7117342e-03
   2.3987315e-02   2.1110251e-01   8.9488107e-02  -3.1578927e-03  -3.0778687e-03   3.6665777e-03
   2.1486686e-02   2.1303441e-01   9.7702332e-02  -3.1802148e-03  -3.0029397e-03   3.8144118e-03
   2.7449004e-02   2.6216955e-01   1.1071795e-01  -3.6497675e-03  -3.1121660e-03   3.7137376e-03
   2.9997868e-02   1.8503996e-01   5.4569529e-02  -3.2028596e-03  -3.2205612e-03   4.1175297e-03
   3.4193595e-02   2.3029289e-01   8.2412146e-02  -3.4950815e-03  -3.2654063e-03   3.8978609e-03
   4.0802989e-02   1.7695290e-01   5.3235108e-02  -3.1058768e-03  -3.5048746e-03   3.9248681e-03
   4.5816976e-02   1.7872229e-01   7.0905706e-02  -2.9763236e-03  -3.6597944e-03   3.9814824e-03
   4.3654854e-02   2.2419629e-01   6.9698200e-02  -3.4975085e-03  -3.6166956e-03   3.8127615e-03
   4.7209588e-02   1.8013960e-01   1.8620884e-02  -3.4005967e-03  -3.6376685e-03   4.0119118e-03
   3.9392177e-02   2.3361250e-01   5.3800622e-02  -3.6736989e-03  -3.5211701e-03   3.8929886e-03
   3.4769456e-02   1.7209863e-01   1.3540181e-02  -3.0739143e-03  -3.4883581e-03   3.9861924e-03
   3.9915178e-02   1.7787092e-01   3.7925526e-02  -2.9163376e-03  -3.5105658e-03   3.9495179e-03
   5.2034957e-02   1.6888579e-01   4.3147733e-02  -2.5296239e-03  -3.8287630e-03   3.8905870e-03
   4.6597528e-02   1.6161566e-01   3.3212514e-02  -2.5645474e-03  -3.7551045e-03   4.0365557e-03
   4.1308825e-02   2.3286248e-01   7.0801853e-02  -3.5052241e-03  -3.6528092e-03   4.1064797e-03
   4.2379779e-02   1.6802241e-01   3.3635669e-02  -3.1090362e-03  -3.6237785e-03   4.1342554e-03
   4.1276953e-02   2.2665761e-01   6.4218342e-02  -3.3702868e-03  -3.7026538e-03   4.1284670e-03
   4.5118273e-02   1.7223942e-01   3.5528257e-02  -3.0158748e-03  -3.9080996e-03   4.1560631e-03
   5.0838218e-02   2.2489422e-01   7.7289034e-02  -3.0800831e-03  -4.0658250e-03   4.1466247e-03
   4.3705695e-02   1.5916298e-01   3.2802053e-02  -2.1292247e-03  -3.9045925e-03   4.2127017e-03
   4.4827567e-02   2.3544799e-01   4.9494984e-02  -3.7589345e-03  -3.7895407e-03   4.3142119e-03
   5.1473489e-02   1.9952103e-01   3.6572217e-02  -3.5142455e-03  -4.0234217e-03   4.3449009e-03
   4.8107718e-02   1.7910130e-01   2.4143901e-02  -3.1837088e-03  -3.9908442e-03   4.3820966e-03
   5.3316601e-02   2.0769891e-01   5.0195701e-02  -2.8645387e-03  -4.2275195e-03   4.3011804e-03
   5.4334060e-02   1.6785175e-01   2.6391252e-02  -2.5272797e-03  -4.2554605e-03   4.3849676e-03
   4.9275227e-02   2.4320309e-01   6.4501883e-02  -3.5597057e-03  -4.1239645e-03   4.4549379e-03
   5.0213769e-02   1.7915503e-01   1.7016169e-02  -3.1197797e-03  -4.2291883e-03   4.3772300e-03
   4.3369129e-02   2.2706821e-01   5.3277961e-02  -3.1642753e-03  -4.2058907e-03   4.3457189e-03
   4.2586657e-02   1.7835897e-01   3.0686733e-02  -3.0771620e-03  -4.2240249e-03   4.2970364e-03
   4.9557348e-02   1.9083828e-01   4.9835467e-02  -3.1941191e-03  -4.4063469e-03   4.4551884e-03
