   0.0000000e+00   0.0000000e+00   0.0000000e+00   0.0000000e+00   0.0000000e+00   0.0000000e+00
  -1.3038507e-03   5.5406820e-02   7.2709114e-02  -5.6406857e-05  -1.8806932e-04  -1.1910483e-04
   1.6072359e-03   8.8758258e-03   5.9492572e-02   8.8538180e-04  -4.1744253e-04   7.0355476e-06
  -4.0433211e-03   1.0091409e-01   1.0612315e-01  -1.8588940e-04  -1.4354007e-04  -1.0583409e-04
   6.8552306e-03   4.8057498e-02   6.2866031e-02   5.3312070e-04  -3.9390734e-04  -1.4917828e-04
   2.9002740e-03   2.3098013e-02   4.2777673e-02   8.9618463e-04  -4.3429855e-04  -6.9159839e-05
   2.7687837e-03   8.3927803e-02   9.8410277e-02   4.8389075e-04  -4.3901307e-04   8.7310240e-06
  -2.0849829e-03   3.4890948e-02   7.5267893e-02   6.6099865e-04  -2.7865647e-04   1.8620528e-04
   4.1480745e-03   6.2888041e-02   9.5620134e-02   4.7122485e-04  -3.7914715e-04   8.8328389e-05
   6.6327070e-03   4.5224305e-02   8.5268877e-02   4.7324216e-04  -4.8457887e-04   7.4256299e-05
   1.0077411e-02   2.4006092e-02   9.4545252e-02   9.3644144e-04  -6.0617461e-04   1.9503110e-04
   7.0469817e-03   7.3377389e-02   1.1755266e-01   4.0504998e-04  -5.3714814e-04   1.1354071e-04
   5.4433498e-03   1.7033134e-02   8.2758436e-02   1.7631624e-03  -5.4321681e-04   2.6881212e-04
   9.5804821e-03   9.0258204e-02   1.2034965e-01   2.0823304e-04  -7.1790322e-04   2.5141352e-04
   8.4538029e-03   4.1439327e-02   1.0504105e-01   4.5886983e-04  -8.1351254e-04   2.9451545e-04
   7.0454291e-03   7.2655877e-02   1.3033880e-01   3.7718959e-04  -7.2115825e-04   3.4104272e-04
   1.5444249e-02   9.0217108e-02   1.3345739e-01   2.8804460e-04  -9.6882307e-04   2.6647658e-04
   1.5905702e-02   6.3009041e-02   9.4875635e-02   5.8580524e-04  -1.0104509e-03   4.4018554e-04
   1.3099202e-02   8.2549069e-02   1.0956753e-01   1.0472951e-04  -9.0551834e-04   5.1809976e-04
   1.6135930e-02   7.1665161e-02   8.6282257e-02   1.7595641e-04  -1.0070024e-03   4.2209381e-04
   1.0774542e-02   6.1675240e-02   7.8898669e-02   2.1461225e-04  -9.9981785e-04   5.0006776e-04
   1.9463735e-02   8.9271393e-02   1.1739419e-01   1.1555935e-04  -1.0620356e-03   3.5594261e-04
   2.3069152e-02   4.7459535e-02   8.8195145e-02   4.6106084e-04  -1.0000410e-03   5.4227619e-04
   2.1502656e-02   9.7304798e-02   1.0015518e-01   1.5938997e-04  -7.9941841e-04   4.9392482e-04
   2.8276277e-02   9.2201427e-02   7.5128954e-02  -2.0581995e-04  -1.0503516e-03   4.7152647e-04
   2.2009098e-02   4.0468159e-02   4.3000667e-02   1.9830194e-04  -1.0491568e-03   3.4421887e-04
   2.8656562e-02   7.2169813e-02   8.4953309e-02   3.1791430e-04  -1.1648384e-03   2.1964532e-04
   3.5235925e-02   5.1383965e-02   6.0578712e-02   5.5580359e-04  -1.4076178e-03   2.2895421e-04
   2.1101539e-02   4.7493513e-02   5.6632390e-02   1.1125414e-03  -1.1764078e-03   2.0407436e-04
   2.2702676e-02   6.9654029e-02   1.0277553e-01   5.6182392e-04  -1.3492766e-03   3.5755679e-04
   1.7888080e-02   2.2306187e-02   5.3014438e-02   1.0699287e-03  -1.3450755e-03   1.8584930e-04
   2.6872678e-02   8.1788493e-02   8.5003618e-02   7.2879565e-04  -1.5501773e-03  -7.7507854e-05
   2.7618325e-02   2.9136114e-02   5.9790587e-02   1.2729006e-03  -1.6734327e-03  -6.3505357e-05
   2.6062242e-02   6.2759497e-02   1.0609825e-01   7.7395670e-04  -1.5900613e-03  -3.5241617e-05
   2.3877307e-02   4.1939256e-02   8.1004106e-02   1.3019214e-03  -1.6165305e-03  -4.6282281e-05
   2.4632722e-02   6.2639739e-02   7.3353176e-02   4.5641238e-04  -1.6834542e-03   5.6588403e-05
   2.0790084e-02   7.5005253e-02   8.6812591e-02   1.4731039e-04  -1.5854667e-03   4.9629494e-05
   2.1291031e-02   4.1808266e-02   7.0111943e-02   7.0878511e-04  -1.6434828e-03   8.4060290e-05
   2.6886784e-02   7.0117889e-02   9.9123690e-02   6.3461040e-04  -1.7242648e-03  -1.0450282e-04
   2.5755893e-02   2.6445049e-02   5.8888593e-02   1.3013488e-03  -1.7080430e-03   2.2740194e-05
   3.0573946e-02   7.6424995e-02   8.2529434e-02   9.3763270e-04  -1.6703776e-03   3.4975000e-05
   3.0818324e-02   1.8391637e-02   3.4262159e-02   1.1283975e-03  -1.9088013e-03   2.6703107e-05
   2.9035386e-02   8.4702942e-02   8.7974377e-02   3.2741611e-04  -1.8202901e-03  -2.1372263e-04
   3.3092060e-02   3.1480064e-02   6.1641410e-02   8.7167737e-04  -1.8904883e-03   4.0659464e-05
   2.8526227e-02   9.1146326e-02   8.4629182e-02   3.0084522e-04  -1.6948197e-03  -1.0463174e-05
   3.0923140e-02   5.8578707e-02   5.6807384e-02   1.0637352e-03  -1.9513264e-03  -1.0377173e-04
   1.8141481e-02   4.9691325e-02   5.3639921e-02   1.0076181e-03  -1.8712987e-03   7.7094059e-05
   2.5220535e-02   8.9841922e-02   1.0684365e-01   6.0804921e-04  -1.9265282e-03  -2.5469312e-05
   1.8965544e-02   6.1879723e-02   6.9375902e-02   7.4232486e-04  -1.7876123e-03   7.6733177e-05
   2.1514513e-02   8.9011494e-02   8.5494348e-02   4.1130616e-05  -1.6461404e-03  -1.4742544e-04
   2.8202796e-02   5.5122181e-02   3.8313393e-02   6.8062929e-04  -1.9651940e-03   2.1598842e-04
   2.1571545e-02   7.3337652e-02   5.7444001e-02   2.6990685e-04  -1.8615562e-03   1.7106127e-04
   2.4533359e-02   6.7046141e-02   6.3695854e-02   8.3950367e-04  -1.9964339e-03   6.2812237e-05
   2.6975605e-02   5.9328247e-02   6.4721302e-02   5.7594306e-04  -2.0004931e-03   4.2000209e-05
   2.4658092e-02   1.2980905e-01   8.7635345e-02  -1.4967648e-04  -1.8722900e-03  -7.0932028e-05
   2.9458751e-02   7.3876217e-02   5.5160722e-02   2.0256972e-04  -1.8462312e-03  -1.8877943e-05
   3.4770723e-02   1.1695798e-01   7.5951594e-02   2.7110760e-04  -1.9984983e-03  -1.2176325e-04
   3.5844589e-02   9.5609159e-02   5.0973803e-02  -2.8344850e-04  -2.0482779e-03   2.9208886e-04
   3.2057267e-02   9.9270767e-02   7.4379762e-02  -9.5913894e-05  -1.9129873e-03   1.2544926e-04
   3.3682157e-02   9.2646630e-02   6.0640476e-02   7.5411342e-05  -1.9964753e-03   7.6942717e-05
   3.3066902e-02   6.1800042e-02   4.9499782e-02   5.6826578e-04  -2.0968988e-03   1.3618195e-04
   3.5434684e-02   1.1126339e-01   5.3411791e-02   1.0198172e-03  -2.1830015e-03   1.4038582e-04
   3.4483544e-02   6.2844745e-02   3.2982221e-02   5.0059778e-04  -2.0408143e-03   3.2499741e-04
   3.9221304e-02   1.2316124e-01   5.7398095e-02   9.4868697e-05  -2.1551484e-03   3.4672710e-05
   3.4341194e-02   7.1928182e-02   3.4019398e-02  -6.7915472e-05  -2.0682724e-03   1.8390099e-04
   3.4214135e-02   9.0535479e-02   5.7138586e-02   8.0082773e-05  -2.1159701e-03   1.5893480e-04
   3.9193533e-02   9.3091230e-02   5.8846447e-02   5.6737814e-05  -2.3803455e-03   1.3951890e-04
   3.3797267e-02   8.8715593e-02   4.1668827e-02   3.9674110e-04  -2.2672726e-03   1.6693151e-04
   3.3252292e-02   1.3916085e-01   6.6732113e-02  -7.3165081e-04  -2.0843055e-03   1.8484446e-04
   3.3505092e-02   7.9043965e-02   3.2670534e-02  -6.7772551e-05  -2.1064889e-03   1.4874803e-04
   3.8916920e-02   1.0356799e-01   5.6645453e-02  -7.3124084e-06  -2.0988321e-03   5.5944376e-05
   4.2574313e-02   1.0151734e-01   4.4220421e-02  -3.2440878e-04  -2.1582656e-03  -4.4112459e-05
   4.2587421e-02   4.2682855e-02   1.7721615e-02   8.5360003e-04  -2.1874334e-03   2.5909191e-04
   3.8977083e-02   9.1804727e-02   3.4819968e-02   4.4311978e-04  -2.1840682e-03   1.6834895e-04
   3.3679709e-02   5.0304905e-02   2.7208178e-02   5.0322503e-05  -2.2538588e-03   3.4702113e-05
   4.2126815e-02   6.3902113e-02   2.8014196e-02   4.0064057e-04  -2.6269399e-03  -2.6986035e-04
   3.5150850e-02   1.1324124e-01   4.1895761e-02  -4.7801065e-04  -2.1997886e-03  -1.8165569e-04
   4.0926485e-02   7.3451969e-02   3.0002011e-02   2.7200328e-04  -2.2994921e-03   2.0638230e-05
   4.1616763e-02   4.8117957e-02   2.3124477e-03   3.7532248e-04  -2.2257313e-03   1.5129742e-05
   4.9284889e-02   1.1425854e-01   3.9087559e-02   2.8903398e-05  -2.3584573e-03  -1.1075907e-04
   5.1788010e-02   4.0384685e-02   8.5960966e-03   8.6535987e-04  -2.3699766e-03  -3.9833513e-05
   4.9116634e-02   1.5098147e-01   4.8710312e-02  -7.7871205e-04  -2.1991995e-03   2.9971523e-05
   5.0175315e-02   6.6262607e-02   1.9237363e-02   4.8143564e-05  -2.3528608e-03   8.8330322e-05
   4.3338539e-02   1.3025557e-01   5.8587776e-02  -5.3500258e-04  -2.3141719e-03   8.3341248e-05
   4.8265164e-02   6.7864360e-02   2.6522021e-02   9.1787998e-05  -2.4312150e-03   5.9238665e-05
   4.9449291e-02   8.2018597e-02   4.0105637e-02   1.8278457e-04  -2.4609778e-03   8.1294697e-05
   5.0447837e-02   5.9410029e-02   3.8957905e-02   1.8419275e-04  -2.5088314e-03   1.1965637e-04
   5.4006237e-02   8.3093835e-02   5.3622518e-02   4.4365245e-04  -2.5546349e-03  -4.0096663e-05
   5.3126899e-02   9.3610660e-02   5.6492958e-02  -3.7799385e-04  -2.4470871e-03  -6.5476573e-05
   4.7738511e-02   8.8129615e-02   3.7589267e-02  -2.0774564e-04  -2.2052641e-03  -3.0616374e-05
   5.2906180e-02   1.0795395e-01   3.9973648e-02  -3.5446999e-04  -2.4674491e-03  -1.3392026e-04
   4.8085526e-02   2.4495981e-02  -1.1698990e-03   1.1652719e-03  -2.4821538e-03   8.2691914e-05
   4.8715309e-02   1.3561908e-01   3.5572720e-02  -5.0564288e-04  -2.6136637e-03   5.2615170e-05
   4.7559527e-02   5.2894706e-02   1.1241902e-02   1.5028488e-04  -2.4845697e-03   7.9920876e-05
   5.0151055e-02   1.0509154e-01   5.1035747e-02  -3.0405331e-04  -2.4703130e-03  -3.3514008e-05
   4.5068342e-02   7.4947294e-02   5.4045484e-02  -4.6737223e-05  -2.1878786e-03   9.9671790e-06
   4.4342240e-02   9.5010872e-02   7.2843254e-02   1.4769737e-04  -2.1864423e-03  -1.4841317e-04
   4.8042073e-02   8.2643314e-02   5.3385916e-02   7.1350813e-04  -2.2555757e-03  -9.6697031e-05
   4.6807735e-02   9.9129196e-02   3.4395229e-02   8.0633702e-05  -2.2588935e-03  -4.4948356e-05
   4.7734678e-02   1.4395362e-01   6.3549849e-02  -8.4007596e-04  -2.0676005e-03  -3.2348574e-04
   5.4767444e-02   8.8668104e-02   2.8554526e-02  -4.9123622e-04  -2.1582458e-03  -1.4822797e-04
   4.9820883e-02   1.1893732e-01   6.0348316e-02  -5.0844960e-04  -2.1734574e-03   6.9467150e-05
   4.9118538e-02   6.6447220e-02   1.7768542e-02   7.8759271e-04  -2.2455452e-03   8.8658630e-05
   4.3008474e-02   1.2349496e-01   4.8714105e-02  -5.5917384e-04  -2.1534581e-03   2.2343302e-04
   4.6225277e-02   1.2067488e-01   6.5347488e-02  -3.9409197e-04  -2.2311451e-03  -1.4136318e-04
   4.3913951e-02   9.2969212e-02   4.2324895e-02  -1.6775392e-04  -2.1176187e-03   1.3781916e-05
   4.6534000e-02   1.1901319e-01   6.7657385e-02  -2.3581294e-04  -2.1096066e-03   1.1721467e-05
   5.8468137e-02   9.7120911e-02   4.9069189e-02   3.3330996e-04  -2.5091043e-03   8.7231178e-05
   5.0883488e-02   1.1376389e-01   6.0701482e-02  -6.1849558e-04  -2.2588504e-03   2.1261662e-04
   5.3011787e-02   1.5796318e-01   7.6778674e-02  -6.5673541e-04  -2.3435830e-03   1.0193936e-04
   5.1277508e-02   8.9245276e-02   3.4609020e-02  -4.4992413e-04  -2.1770708e-03   1.9945515e-04
   5.6695682e-02   1.5743276e-01   6.8041480e-02  -1.0777634e-03  -2.3351482e-03   6.7581627e-05
   4.8213737e-02   6.8245800e-02   2.4231418e-02   3.4012220e-04  -2.3115734e-03   2.7120261e-04
   5.0056792e-02   1.1202328e-01   5.7042518e-02   3.2865393e-04  -2.2224352e-03   9.8789136e-05
   5.5068680e-02   9.4311698e-02   4.4957235e-02  -1.1724342e-04  -2.4142219e-03   2.7696950e-04
   5.7244064e-02   1.3396596e-01   8.0953106e-02  -8.2274441e-04  -2.3721924e-03   1.9026325e-04
   6.2516959e-02   1.1774178e-01   6.4901732e-02  -6.1073646e-04  -2.5478163e-03   7.1219900e-05
   5.8243626e-02   1.1475321e-01   3.8424257e-02  -3.8433699e-04  -2.4417604e-03   1.6553202e-04
   5.8051849e-02   1.6701706e-01   6.8025682e-02  -1.2280882e-03  -2.3433764e-03   1.1611987e-04
   6.0781033e-02   7.0407683e-02   9.5788908e-03   3.6290100e-04  -2.5288528e-03   3.5415757e-04
   6.1538640e-02   1.4955056e-01   5.1988125e-02  -9.6759941e-04  -2.4695520e-03   3.0270777e-04
   6.5515205e-02   8.3681112e-02   1.8992819e-02  -8.3577194e-04  -2.4750014e-03   3.7476237e-04
   6.7479160e-02   1.2940091e-01   5.2463313e-02  -1.0217357e-03  -2.2828697e-03   2.4889042e-04
   7.6412249e-02   1.2238205e-01   2.7608337e-02  -9.6091962e-04  -2.5104413e-03   5.2503565e-04
   8.0371888e-02   8.9314159e-02   2.6825388e-02  -7.8992343e-05  -2.5423787e-03   5.9790155e-04
   7.3429410e-02   1.6893101e-01   5.0099054e-02  -1.2014488e-03  -2.3097715e-03   3.6936732e-04
   7.3382341e-02   1.1346077e-01   2.2007626e-02  -8.6425729e-04  -2.2520169e-03   4.2979323e-04
   7.4609835e-02   1.6283877e-01   4.4959193e-02  -1.2521264e-03  -2.5007298e-03   2.4859410e-04
   7.0103103e-02   1.1957766e-01   1.6142052e-02  -1.0119033e-03  -2.6183090e-03   3.7791929e-04
   6.7028730e-02   1.3616708e-01   4.1139283e-02  -8.5475279e-04  -2.6274598e-03   4.0533812e-04
   7.2339505e-02   9.8028119e-02   2.5411076e-02   3.4278200e-04  -2.7740770e-03   3.1595457e-04
   6.8728220e-02   1.4451891e-01   4.0485311e-02  -8.6003392e-04  -2.5745686e-03   2.9850874e-04
   7.2951376e-02   1.6885865e-01   5.5353791e-02  -1.3535036e-03  -2.6168880e-03   2.3392213e-04
   7.1422359e-02   9.7044369e-02   3.1331467e-02  -8.7324062e-04  -2.5375538e-03   4.3526862e-04
   7.4262612e-02   1.2452978e-01   6.3523216e-02  -1.4626001e-04  -2.6891580e-03   3.9959460e-04
   7.4434811e-02   1.0019324e-01   4.8300651e-02   9.3384517e-05  -2.7398274e-03   3.0361309e-04
   6.2918782e-02   1.6131169e-01   7.9179210e-02  -1.2308610e-03  -2.4861993e-03   4.0898469e-04
   6.7224315e-02   1.7313387e-01   6.6525389e-02  -1.3991563e-03  -2.4345576e-03   1.6397887e-04
   6.2969330e-02   1.2245460e-01   2.7185568e-02  -9.1198407e-04  -2.4320376e-03   2.5648564e-04
   6.1100754e-02   1.8547733e-01   6.6206589e-02  -1.2595892e-03  -2.4383900e-03   1.0392989e-04
   6.2873361e-02   1.1762561e-01   3.0819756e-02  -6.3667170e-04  -2.5340499e-03   1.7361697e-04
   6.1718185e-02   1.3639280e-01   3.7295415e-02  -4.5046912e-05  -2.3177120e-03   1.6560668e-04
   7.4343422e-02   1.5737921e-01   3.9767458e-02  -1.2485148e-03  -2.5050993e-03   1.4543868e-04
   8.2474259e-02   1.2460138e-01   2.8900804e-02  -1.0333371e-03  -2.7116608e-03   8.2025402e-04
   7.1429297e-02   1.6793210e-01   4.8616424e-02  -1.2677270e-03  -2.2923838e-03   6.1308567e-04
   6.6844672e-02   1.4482205e-01   3.8239937e-02  -1.0627737e-03  -2.2093784e-03   5.6241902e-04
   5.0759447e-02   1.3032486e-01   3.3468841e-03  -9.0509214e-04  -1.8518814e-03   6.5217382e-04
   5.6191790e-02   1.7422202e-01   2.8851153e-02  -1.1501532e-03  -2.0243108e-03   6.1792109e-04
   4.6462629e-02   1.0626394e-01  -3.3214146e-03  -7.7777793e-04  -2.0460282e-03   7.8684227e-04
   5.2804967e-02   1.8483080e-01   5.8959552e-02  -1.1108278e-03  -2.3407802e-03   6.9484098e-04
   4.4963968e-02   1.0662353e-01   3.8803503e-02  -4.8620160e-04  -2.3292263e-03   6.9179091e-04
   4.9718245e-02   1.6799495e-01   8.2692316e-02  -7.9732974e-04  -2.3374958e-03   5.8065541e-04
