   0.0000000e+00   0.0000000e+00   0.0000000e+00   0.0000000e+00   0.0000000e+00   0.0000000e+00
   2.1280973e-03   3.8762233e-02   6.9713286e-02   8.0597118e-04  -2.7641830e-04   9.6321233e-05
  -3.7909251e-03   2.8238659e-02   6.7029298e-02   2.5145747e-04  -1.9365610e-04   1.4150275e-04
  -4.0617089e-03   9.8821090e-02   9.0564795e-02  -2.1888962e-04  -7.9446621e-05   1.9351039e-05
   1.4159972e-03   7.7593733e-02   6.6967736e-02  -1.2907547e-04  -2.8890172e-04   4.7666416e-05
  -9.0195709e-03   4.7154377e-02   4.0159345e-02   9.4009590e-05  -1.7953671e-04   2.3504547e-04
  -5.8835669e-03   8.6160019e-02   6.9321158e-02   3.0072211e-04  -3.2048195e-04   9.1759173e-05
  -2.1422154e-03   2.4808825e-02   5.3596239e-02   6.6033789e-04  -5.3883647e-04   1.9683683e-04
  -7.5445892e-03   1.0203965e-01   7.9994634e-02  -2.5193080e-04  -2.4096332e-04   3.8852536e-05
   8.3239703e-04   8.1480831e-02   6.6864641e-02  -2.3777468e-04  -5.1938459e-04  -1.6246703e-05
  -9.5756669e-03   3.7260382e-02   4.5990552e-02   1.1036022e-04  -4.0887561e-04   1.7165926e-04
  -2.4410188e-03   9.4241441e-02   8.5080581e-02  -5.7715544e-05  -6.0969339e-04  -1.7571395e-06
  -1.1791083e-03   4.6506226e-02   6.5861184e-02   9.9633093e-06  -6.5464130e-04   2.1296765e-04
  -4.7775737e-03   1.2803189e-01   1.1405463e-01  -7.6400178e-04  -5.2252832e-04   9.2056085e-05
  -3.9945968e-03   5.1857380e-02   7.4651258e-02  -2.1939649e-04  -5.4287425e-04  -1.4213068e-05
  -5.9786007e-03   1.1883694e-01   9.1706517e-02  -7.9573005e-04  -5.6799190e-04  -1.0816643e-04
  -3.0867172e-03   5.6776704e-02   5.6292063e-02  -2.0417911e-04  -7.0612282e-04  -1.9858407e-05
  -5.3683141e-03   7.6391620e-02   6.6426576e-02  -3.0285859e-04  -6.5585002e-04   4.3607421e-05
  -7.0255463e-03   8.1447747e-02   8.2928132e-02  -1.3885353e-04  -6.9497710e-04   9.0133738e-05
  -9.7663297e-03   3.2265412e-02   4.8897877e-02   5.2717935e-04  -7.1126258e-04   9.9953087e-05
  -4.5408420e-03   1.0551640e-01   8.9721687e-02  -1.7953288e-04  -8.8373324e-04  -1.7427068e-05
  -6.1751003e-03   5.0993451e-02   4.8649642e-02  -7.8478956e-05  -7.9886838e-04   3.5631674e-05
  -6.4425482e-03   1.2336236e-01   7.7508328e-02  -7.3833250e-04  -6.0493078e-04  -3.3881872e-05
  -1.5523593e-03   1.7857967e-02   2.9905170e-02   8.6501571e-04  -7.4000322e-04   1.0368123e-04
   1.6554966e-04   9.3227889e-02   4.9366273e-02  -6.8235644e-04  -7.5106208e-04   3.6180008e-04
   4.4889027e-04   5.8795371e-02   5.1347451e-02  -1.7593122e-04  -8.1599628e-04   1.7342733e-04
   2.6534311e-03   5.9759362e-02   4.9008669e-02  -3.1696582e-04  -8.3322006e-04   2.5350899e-04
  -4.0987637e-06   1.1107144e-01   6.8962700e-02  -8.0928501e-04  -7.2337388e-04   1.7851416e-04
   1.0401744e-03   1.7509456e-02   3.0224026e-02   1.0407359e-04  -9.1760660e-04   3.7685965e-04
  -4.2236908e-03   7.9041767e-02   4.8889089e-02   1.2486950e-05  -9.0775751e-04   1.7238047e-04
  -4.0143513e-03   3.8750408e-02   3.7748044e-02   1.7677621e-04  -9.4308085e-04   1.7556870e-04
  -4.6186288e-03   1.3616378e-02   6.2090908e-02   1.7976686e-04  -7.1280824e-04  -1.9966956e-04
  -4.8625932e-03   7.3655039e-02   2.9062592e-02  -3.0409140e-05  -8.3110754e-04   8.0823459e-05
  -7.6280171e-05   2.6785279e-02   3.0699829e-02   8.3461818e-04  -9.0588528e-04  -2.5803428e-05
  -1.5479873e-02   9.3746431e-02   5.6639122e-02   1.8898850e-04  -5.7964094e-04  -1.2115300e-04
  -1.5493838e-02   6.1579865e-02   6.1189707e-02  -2.4671144e-04  -6.6870702e-04   1.3825874e-04
  -2.0647684e-02   6.7865941e-02   9.5246507e-02  -2.3855739e-04  -3.9375265e-04   5.8408185e-06
  -1.2717656e-02   4.8355613e-02   6.7413325e-02   5.2563468e-04  -7.0043055e-04  -1.3707197e-04
  -1.9437878e-02   3.6117188e-02   3.5308192e-02   6.5905235e-04  -5.8810527e-04  -8.0221345e-05
  -1.0272623e-02   9.2078995e-02   8.7137360e-02   4.0956350e-04  -7.3210556e-04  -3.1210203e-04
  -1.3943725e-02   1.1278683e-02   5.0320091e-02   1.0799153e-03  -7.1556547e-04   5.6874721e-05
  -1.3568955e-02   7.2385119e-02   1.1290052e-01   4.1092509e-04  -7.1653450e-04   1.0313970e-04
  -1.4614432e-02   4.5757981e-02   9.8310883e-02   3.9844496e-04  -6.2803291e-04   1.3579703e-04
  -2.3917812e-02   5.2584937e-02   7.2871756e-02   2.0317728e-04  -3.1540072e-04   1.6782427e-04
  -1.9840839e-02   1.0033697e-01   8.0785550e-02   7.5211748e-05  -4.7062069e-04  -5.4798443e-05
  -2.4585384e-02   5.9692521e-03   2.7356651e-02   1.8364633e-03  -4.1779605e-04   7.8242735e-05
  -2.1445830e-02   5.7544749e-02   8.5328253e-02   6.7576314e-04  -4.1179379e-04   1.6804248e-04
  -1.6895003e-02   3.8954608e-02   9.2032621e-02   4.7506611e-04  -7.1356661e-04   1.8934120e-04
  -2.2482093e-02   5.8217471e-02   8.3525830e-02   1.3492623e-04  -4.3917969e-04   2.4392089e-04
  -2.1960274e-02   7.7150706e-02   8.9778715e-02   4.7349291e-04  -3.9765519e-04   2.1356353e-04
  -2.2729981e-02   3.9032144e-02   5.6677436e-02   7.0065731e-04  -4.9618831e-04   2.6866221e-04
  -2.3091351e-02   1.1222652e-01   9.2414965e-02  -6.4809300e-05  -5.4107909e-04   2.8456602e-04
  -2.1960278e-02   2.2262571e-02   6.0788752e-02   7.9480433e-04  -5.7665140e-04   2.6201140e-04
  -2.0676540e-02   8.7689086e-02   1.0368004e-01   2.5599797e-04  -5.3666872e-04   1.9169269e-04
  -2.1420028e-02   3.7913614e-02   7.1516647e-02   4.6568285e-04  -5.0702667e-04   1.4591297e-04
  -2.5687771e-02   1.0364045e-01   8.1543744e-02  -2.0431374e-04  -2.5657020e-04   2.4207576e-04
  -2.1354553e-02   6.3090871e-02   6.0185561e-02   8.9108070e-04  -4.3447507e-04   1.9768341e-04
  -2.6531951e-02   6.7209884e-02   4.2850602e-02   2.0216401e-04  -3.9370703e-04   4.4322229e-04
  -2.2454013e-02   8.3339299e-02   7.5350053e-02   2.9442456e-04  -5.1383221e-04   2.5288788e-04
  -2.6349252e-02   2.5271399e-02   5.0828172e-02   7.2298740e-04  -5.0520741e-04   2.9445337e-04
  -2.5249107e-02   8.2144330e-02   9.5649233e-02   3.1590137e-04  -4.2924577e-04   2.5726573e-04
  -2.2674504e-02   1.7940321e-02   6.7363030e-02   9.1975424e-04  -5.3197075e-04   4.0142080e-04
  -2.0877542e-02   3.1864110e-02   7.6674059e-02   1.3722646e-03  -6.2963299e-04   3.7359184e-04
  -2.4666037e-02   7.5718159e-02   7.5537025e-02   9.4581862e-04  -6.0594911e-04   3.0970295e-04
  -2.7641002e-02   4.4270542e-02   6.0045724e-02   4.6942044e-04  -4.1237795e-04   4.8427198e-04
  -2.0645879e-02   9.8879235e-02   9.2516683e-02   7.9201522e-05  -3.9188308e-04   3.3915148e-04
  -1.2601677e-02   3.9082297e-02   5.8798875e-02   5.1205956e-04  -5.7500608e-04   5.4613541e-04
  -2.0611474e-02   2.9795926e-02   6.0838922e-02   1.1814876e-03  -3.5835873e-04   7.0389787e-04
  -1.5130326e-02   6.3976483e-02   6.7388170e-02   2.3522726e-04  -5.6934034e-04   4.7828378e-04
  -1.8729979e-02   4.7278590e-02   7.4068826e-02   4.5221464e-04  -4.8855072e-04   5.6769063e-04
  -8.8542330e-03   3.6966240e-02   7.7471866e-02   6.7493315e-04  -7.3734872e-04   5.6846060e-04
  -1.2383712e-02   4.6697302e-02   6.6452940e-02   5.8722370e-04  -5.4006750e-04   6.0420914e-04
  -1.8169959e-02   8.8692354e-02   7.9150284e-02   2.8460413e-04  -3.6746455e-04   5.8377481e-04
  -1.7524741e-02  -5.2099684e-03   3.1681742e-02   1.8872354e-03  -5.9986864e-04   5.8853079e-04
  -2.7391172e-02   8.4657273e-02   9.0336050e-02   2.9756187e-04  -4.3497214e-04   3.8495695e-04
  -2.8900958e-02   3.0770839e-02   7.4178587e-02   9.4623018e-04  -4.3786368e-04   6.1454422e-04
  -2.9427496e-02   2.7764443e-02   1.0430008e-01   1.4757981e-03  -3.6384906e-04   9.3860167e-04
  -3.0512539e-02   5.8016188e-02   9.2723725e-02   8.1867491e-04  -2.6764811e-04   8.2189848e-04
  -3.5944820e-02   4.9061660e-02   6.5930172e-02   8.9811311e-04  -1.1039356e-04   8.9183243e-04
  -2.5914822e-02   8.2876432e-02   8.8675504e-02   7.5985328e-04  -4.5085086e-04   7.4853297e-04
  -3.0901660e-02  -1.0464860e-02   4.6160645e-02   2.0929834e-03  -4.0282752e-04   1.0231224e-03
  -3.1723820e-02   8.7548142e-02   1.0043957e-01   4.8640214e-04  -3.5339013e-04   9.2881072e-04
  -3.0459675e-02   3.5312651e-02   8.3376692e-02   8.6520575e-04  -4.4076846e-04   7.9922680e-04
  -3.4350350e-02   3.7904859e-02   8.8780439e-02   1.2392252e-03  -2.9841864e-04   9.4158871e-04
  -3.4964949e-02   9.7040919e-02   1.2358514e-01   6.1244390e-04  -1.7974003e-04   8.2742046e-04
  -3.8257736e-02   5.0104466e-02   7.6502900e-02   1.2635055e-03  -2.2426200e-04   8.4612899e-04
  -3.8949108e-02   4.9226107e-02   8.5733976e-02   1.4831528e-03  -2.6033181e-04   9.7803979e-04
  -3.6511878e-02   3.3923363e-02   7.9165868e-02   1.1635655e-03  -4.5489716e-04   8.6613918e-04
  -3.8860142e-02   4.7351986e-02   1.0123390e-01   1.1391285e-03  -2.9481317e-04   1.0398247e-03
  -2.8186741e-02   4.1736483e-02   1.1675795e-01   1.4164382e-03  -5.9440023e-04   1.1136577e-03
  -3.1788170e-02   1.1827333e-02   9.2472041e-02   2.3078554e-03  -5.0850389e-04   1.2167793e-03
  -3.5399492e-02   1.0425802e-01   1.2251231e-01   7.3810412e-04  -3.4772796e-04   1.0230583e-03
  -3.4549029e-02   3.5467019e-02   8.7768879e-02   9.3228866e-04  -5.1898578e-04   1.3586513e-03
  -3.9494114e-02   9.2299444e-02   1.2085046e-01   4.1315117e-04  -4.7530223e-04   1.1067879e-03
  -4.3696336e-02  -1.0053582e-02   9.1168525e-02   1.3294678e-03  -4.8797557e-04   7.1156088e-04
  -4.0326173e-02   1.4038946e-01   1.0510115e-01   1.5098850e-05  -6.1528500e-04   1.0539793e-03
  -4.4718191e-02   6.3205685e-02   7.1049442e-02   5.5507234e-04  -5.1102656e-04   1.0991876e-03
  -4.5193249e-02   6.5537315e-02   9.4005095e-02   1.5484847e-03  -5.5769485e-04   9.1542116e-04
  -4.2989625e-02   2.1212547e-02   6.8978175e-02   1.3539762e-03  -7.2616871e-04   1.0853299e-03
  -3.7912608e-02   9.8736342e-02   1.2795093e-01   5.0933427e-04  -6.5698510e-04   8.8406600e-04
  -3.6426686e-02   5.5548988e-02   9.6153237e-02   4.6593217e-04  -5.9268495e-04   9.1179635e-04
  -3.7027904e-02   1.0317762e-01   1.0406066e-01   2.1518808e-04  -4.9997708e-04   8.2059895e-04
  -3.4741724e-02   5.3127881e-02   7.7906914e-02   8.7621755e-04  -7.6796355e-04   9.0323429e-04
  -4.0189902e-02   8.2613867e-02   9.7923161e-02   6.6519722e-04  -7.1455829e-04   9.4531011e-04
  -3.8170230e-02   9.1564158e-02   1.1144197e-01   1.6087181e-04  -7.4100445e-04   9.0491815e-04
  -3.6518296e-02   4.8244495e-02   8.2971560e-02   9.5993616e-04  -7.0606177e-04   1.0117463e-03
  -3.0071598e-02   9.5852347e-02   1.2356429e-01   6.4991914e-04  -8.0753615e-04   9.4054149e-04
  -3.3138057e-02   6.0228467e-02   9.1726991e-02   5.9967352e-04  -7.2482589e-04   1.0396748e-03
  -3.0247634e-02   7.9097256e-02   1.0481713e-01   1.0653080e-03  -7.3026247e-04   1.0541267e-03
  -2.9897994e-02   4.2149279e-02   7.5844398e-02   6.9145296e-04  -8.5644493e-04   1.1918701e-03
  -3.0875963e-02   7.6663128e-02   1.0138965e-01   3.8544715e-04  -7.0385682e-04   1.0647687e-03
  -2.7940541e-02   3.9603241e-02   9.1589284e-02   9.6860535e-04  -8.7195414e-04   1.1022032e-03
  -3.0992981e-02   4.2108453e-02   9.1854194e-02   9.5237928e-04  -8.4694000e-04   1.1375161e-03
  -3.4273945e-02   1.2190487e-01   1.3156547e-01   4.6077062e-04  -7.9442751e-04   1.0278640e-03
  -4.0628570e-02   6.5829562e-02   8.9185994e-02   1.1049769e-03  -7.5266424e-04   1.0818321e-03
  -4.3651526e-02   1.0594801e-01   1.5370619e-01   3.9795214e-04  -5.7623616e-04   1.1574289e-03
  -3.6085560e-02   5.2189742e-02   1.1253928e-01   9.9580525e-04  -7.4504765e-04   1.1211302e-03
  -3.8649231e-02   7.8568438e-02   1.0397487e-01   8.6606768e-04  -6.0526040e-04   9.0342404e-04
  -3.7002970e-02   9.4728398e-02   1.1019529e-01   1.0015678e-03  -8.6181831e-04   9.2092617e-04
  -4.2098096e-02   5.5152537e-02   1.0283381e-01   1.1060634e-03  -8.4111492e-04   1.1959823e-03
  -4.1927568e-02   1.2100480e-01   1.5505246e-01   7.3486328e-04  -8.4143955e-04   1.0777340e-03
  -4.3079721e-02   3.6394841e-02   1.2527938e-01   1.0426291e-03  -7.1019812e-04   1.2463785e-03
  -3.9059900e-02   8.6207879e-02   1.6242745e-01   9.0754299e-04  -8.1057759e-04   1.2204778e-03
  -4.7094853e-02   7.1704015e-02   1.4161129e-01   9.3985221e-04  -7.5252133e-04   1.2717668e-03
  -4.5682292e-02   8.8109330e-02   1.2843886e-01   6.2029623e-04  -6.4961520e-04   1.2741091e-03
  -4.6821824e-02   1.1789658e-01   1.4516639e-01   4.1421632e-04  -5.8550741e-04   1.3334874e-03
  -4.4947539e-02   3.1036769e-02   9.3575146e-02   1.3316705e-03  -6.0987642e-04   1.3896381e-03
  -3.9755473e-02   8.7353779e-02   1.3440403e-01   1.0355640e-03  -7.1346434e-04   1.3838514e-03
  -4.1992316e-02   7.0625587e-02   1.1584907e-01   9.3256550e-04  -7.0817554e-04   1.3071988e-03
  -3.8876547e-02   6.6903835e-02   1.1179399e-01   8.6223963e-04  -7.6638706e-04   1.3078364e-03
  -4.4386248e-02   6.2296910e-02   1.2496056e-01   1.9127711e-03  -6.5169446e-04   1.3379924e-03
  -5.0927374e-02   4.2760082e-02   1.0620959e-01   1.1421710e-03  -5.8182457e-04   1.3435787e-03
  -4.8471363e-02   9.0970428e-02   1.5490657e-01   1.0008536e-03  -7.3597435e-04   1.3074653e-03
  -5.1163271e-02   7.7280856e-02   1.2190723e-01   9.9095268e-04  -7.9306010e-04   1.2037263e-03
  -4.9488763e-02   7.8557988e-02   1.1102180e-01   1.0371556e-03  -8.3575306e-04   1.1749815e-03
  -4.8017431e-02   4.8430844e-02   1.0462119e-01   1.7650589e-03  -9.3532567e-04   1.1931227e-03
  -4.8093405e-02   5.0841708e-02   1.1631787e-01   1.4256656e-03  -9.1413633e-04   1.3011390e-03
  -5.2325738e-02   1.0109648e-01   1.5616654e-01   7.9597044e-04  -8.2380452e-04   1.3151193e-03
  -4.7044151e-02   5.3880981e-02   1.1211678e-01   9.6245575e-04  -9.2419166e-04   1.3557523e-03
  -4.5677606e-02   1.0334979e-01   1.4228916e-01   5.8769219e-04  -9.3563793e-04   1.3007058e-03
  -4.0076283e-02   3.5776929e-02   1.0435733e-01   1.4106083e-03  -1.0317178e-03   1.3740353e-03
  -3.5672288e-02   4.1747748e-02   1.3830573e-01   1.6314624e-03  -9.8203597e-04   1.5057288e-03
  -3.6839148e-02   9.2062635e-02   1.4112708e-01   7.3113921e-04  -8.3645593e-04   1.5007468e-03
  -3.3564017e-02   5.2684995e-02   1.1839097e-01   9.2140641e-04  -8.7740072e-04   1.6193488e-03
  -3.2735817e-02   1.0042372e-01   1.4270195e-01   7.1735688e-04  -1.0068766e-03   1.5907261e-03
  -3.1279353e-02   2.0702743e-02   1.1784472e-01   1.5570951e-03  -1.1357466e-03   1.6457980e-03
  -3.9096180e-02   1.1273479e-01   1.3759621e-01   7.4595041e-04  -7.6602596e-04   1.4792111e-03
  -2.8433421e-02   3.0003709e-02   1.0626623e-01   1.7630601e-03  -1.1984327e-03   1.7211876e-03
  -3.6561758e-02   4.6751644e-02   1.1546337e-01   1.5080305e-03  -1.1601585e-03   1.7631446e-03
  -3.6324992e-02   7.3357301e-02   1.3415278e-01   1.3907461e-03  -1.3823842e-03   1.7310316e-03
  -4.7608257e-02   7.5083060e-02   1.3537365e-01   1.0793440e-03  -9.4424835e-04   1.5643833e-03
  -4.8642975e-02   8.4480768e-02   1.4264781e-01   1.1863005e-03  -9.6576506e-04   1.5671512e-03
