   0.0000000e+00   0.0000000e+00   7.1054274e-15  -2.7755576e-17   0.0000000e+00   0.0000000e+00
   3.3168727e-03  -1.9012379e-02   1.1893895e-02   2.3606425e-04  -2.2680323e-04   1.0941485e-04
  -5.2464588e-04   4.4799815e-02   4.6320314e-02  -2.8992632e-04  -9.8405063e-05  -1.1459376e-05
   2.6744312e-03   3.0041503e-04   7.8570134e-04   1.0322916e-03  -1.7729533e-04  -6.7841537e-06
  -1.8130286e-04  -5.6111944e-03  -7.4247864e-04   1.1175780e-03  -1.0385231e-04   1.7705414e-04
   1.2366875e-03   3.9366317e-02   3.0527511e-02   3.4060747e-04  -1.7324667e-04   9.1833197e-05
   1.1359149e-02  -1.9435450e-02   1.5065301e-02   9.0879599e-04  -3.3783793e-04   2.4985435e-04
  -1.3708146e-02   2.1560974e-01   1.2468381e-01  -1.2325044e-03   7.4228357e-04   3.5385249e-05
  -2.7436417e-02   1.8050034e-01   1.8348239e-01  -1.6286770e-03   6.2886993e-04  -7.8639751e-05
  -3.6384869e-02   4.0079496e-02   1.0325970e-01  -1.9893173e-04   6.8864641e-04   4.5005135e-04
  -3.0902008e-02   1.0061045e-01   4.2693882e-02  -2.5469792e-04   5.6507365e-04   3.5676301e-04
  -3.0290839e-02   9.6900439e-02   4.9565444e-02  -5.7681227e-05   5.0056592e-04   4.5027730e-04
  -1.6086810e-02   8.1982433e-02   8.0742703e-02   2.7561161e-04   7.7635268e-05   3.3475371e-04
  -2.3525315e-02   4.5872990e-02   1.1413812e-01   5.1393950e-04   1.7880663e-04   2.7915315e-04
  -2.2261706e-02   9.5182255e-02   1.3307651e-01   8.7712134e-05  -5.2123365e-05   3.4572790e-04
  -2.3620999e-02   1.0274732e-01   1.3382784e-01  -2.5641150e-04   1.2701273e-04   5.0613244e-04
  -2.0716340e-02   1.2121668e-01   1.2959680e-01  -5.2985775e-04   9.8885089e-05   2.8515696e-04
  -2.3702613e-02   7.6060547e-02   1.0459355e-01   5.9513941e-05  -2.0645130e-05   4.1385748e-04
  -2.4292510e-02   1.1121058e-01   1.1293753e-01  -1.4501959e-04  -8.3602624e-05   3.1065339e-04
  -2.7537267e-02   5.4691576e-02   8.6746560e-02   3.5838071e-04  -7.5086488e-05   4.6776235e-04
  -1.7053030e-02   1.1168189e-01   1.0602463e-01   4.7135834e-05  -1.3483119e-04   2.6857980e-04
  -1.8997982e-02   6.7608566e-02   7.7678273e-02   1.4566774e-04  -1.5509658e-04   3.8322112e-04
  -2.0881298e-02   1.2940995e-01   1.0002785e-01  -4.1840614e-04  -1.1478497e-04   2.4834851e-04
  -2.4860926e-02   6.5263504e-02   4.4001500e-02   1.9035223e-04  -2.1073868e-04   3.5531004e-04
  -2.7576958e-02   8.8579342e-02   5.4567416e-02   6.4268789e-04  -2.4355606e-04   3.1911069e-04
  -2.6400916e-02   7.2429098e-02   3.7950622e-02   6.4722710e-04  -3.4233852e-04   4.1740290e-04
  -2.1682597e-02   1.5102394e-01   6.1013008e-02  -2.9229026e-04  -3.8492796e-04   3.5630926e-04
  -2.5052235e-02   1.1068321e-01   2.7849976e-02   8.6334246e-05  -2.7854436e-04   1.2386662e-04
  -3.0356203e-02   8.4062328e-02   2.3218581e-02   9.8942491e-04  -1.7520363e-04   2.8345895e-04
  -2.6911767e-02   8.0863968e-02   3.5346878e-02   4.9170363e-04  -2.6303199e-04   3.1039271e-04
  -2.4287462e-02   9.1638528e-02   4.6753989e-02   3.2028028e-04  -3.1692323e-04   3.4414096e-04
  -2.5295209e-02   1.2395189e-01   4.0555130e-02   1.5891361e-05  -2.3893873e-04   2.9838902e-04
  -2.7149461e-02   7.6065520e-02   2.7948531e-02   3.6910622e-04  -2.2919845e-04   4.8209790e-04
  -1.9782656e-02   1.1557005e-01   3.7980799e-02   3.1046707e-05  -3.8230488e-04   5.9085504e-04
  -1.7371887e-02   1.0064111e-01   4.2891944e-02   3.6776876e-04  -3.8798388e-04   3.1885713e-04
  -1.7560980e-02   1.2090813e-01   2.7722491e-02   8.9330904e-05  -2.8838713e-04   3.4946532e-04
  -2.8518679e-02   7.9605597e-02   1.1651178e-02   5.6654784e-04  -1.7451447e-04   4.1172232e-04
  -1.1847966e-02   1.0405680e-01   3.5543140e-02   9.4565218e-04  -5.1558782e-04   1.8082524e-04
  -1.5993635e-02   1.0262786e-01   3.8563921e-02   2.9446510e-04  -3.2716230e-04   6.5203237e-04
  -1.9299348e-02   1.4066462e-01   5.9599026e-02   1.3461588e-04  -2.0348923e-04   2.7478184e-04
  -1.7881884e-02   6.5180732e-02   2.3320785e-02   9.5397545e-04  -3.2867805e-04   4.1902645e-04
  -1.6362304e-02   1.1168424e-01   3.8663097e-02   7.1965628e-04  -4.0669490e-04   4.8362309e-04
  -1.3348886e-02   1.0538289e-01   3.7262009e-02   3.8883477e-04  -3.9412143e-04   3.3073854e-04
  -1.7472461e-02   4.4393763e-02   2.5656422e-02   1.0821074e-03  -3.9965258e-04   5.2669137e-04
  -8.8056888e-03   1.2157612e-01   7.0606238e-02   6.7096006e-04  -5.0099571e-04   5.2264162e-04
  -1.3907807e-02   7.4168661e-02   4.2131180e-02   1.0552956e-03  -3.4527757e-04   6.2374854e-04
  -1.0893276e-02   1.1267924e-01   7.6623501e-02   9.0336549e-04  -4.2177646e-04   5.8448158e-04
  -1.0627020e-02   4.9869067e-02   4.5742165e-02   1.4791093e-03  -5.4316476e-04   6.9475658e-04
  -2.0029056e-02   1.1285135e-01   5.2618213e-02   8.1883569e-04  -3.4132072e-04   7.8565455e-04
  -1.1645809e-02   8.4968035e-02   3.2930794e-02   1.5309320e-03  -7.0693331e-04   5.8507211e-04
  -1.9130174e-02   3.2577420e-02   2.5817893e-02   1.8926326e-03  -4.9971976e-04   6.8420451e-04
  -1.0443043e-02   1.1957060e-01   6.6975233e-02   1.2046263e-03  -4.9167211e-04   7.1667538e-04
  -9.8654893e-03   2.6590942e-02   2.5328429e-02   1.9447405e-03  -6.1165704e-04   7.5715373e-04
  -1.1744504e-02   9.3966882e-02   5.4076950e-02   1.4189384e-03  -6.5799941e-04   9.0179217e-04
  -9.0896639e-03   2.5646651e-02   2.6184466e-02   2.5773120e-03  -8.6220154e-04   6.8308347e-04
  -8.6241877e-03   7.5298987e-02   4.7137290e-02   1.5050195e-03  -9.1175521e-04   6.1990863e-04
  -1.2192192e-02   7.5740056e-02   3.9551630e-02   1.7719598e-03  -9.9914542e-04   5.9096905e-04
  -1.9344560e-02   3.2051651e-02   8.6633452e-03   2.3918252e-03  -8.5881509e-04   5.5282437e-04
  -1.4248468e-02   7.9085367e-02   4.2371775e-02   2.2546172e-03  -1.0453605e-03   4.3176112e-04
  -1.1456695e-02   5.7793117e-02   1.5084305e-02   2.1321959e-03  -1.3050033e-03   5.7171521e-04
  -1.3580043e-02   1.0836906e-01   4.1102812e-02   1.7493149e-03  -1.2044851e-03   6.1126528e-04
  -1.5438174e-02   4.6213837e-02   1.6769816e-02   2.2661656e-03  -1.2667579e-03   5.5596842e-04
  -1.2456877e-02   4.1035835e-02   5.4252554e-02   2.3367556e-03  -1.3367521e-03   4.2011453e-04
  -9.5391388e-03   6.2370563e-02   5.2707294e-02   2.1186644e-03  -1.4592016e-03   2.1393112e-04
  -1.1969893e-02   2.9126649e-02   4.2889182e-02   2.6168290e-03  -1.4310546e-03   2.0792787e-04
  -8.4216001e-03   3.3281338e-02   4.5010180e-02   3.4881222e-03  -1.6252459e-03   2.3824839e-04
  -5.8254851e-03  -5.7958180e-03   4.0395478e-02   3.3423382e-03  -1.6951623e-03   3.0399150e-04
  -6.6191913e-03   6.1665085e-02   5.1142318e-02   3.3280077e-03  -1.5864052e-03   3.2978751e-04
  -6.5619482e-03   1.3060101e-03   3.7122812e-02   3.0189182e-03  -1.5165282e-03   3.5360880e-04
  -6.4373440e-03   5.7720206e-02   5.6001508e-02   2.5765503e-03  -1.6289915e-03   5.2892199e-04
  -3.6580877e-03   4.0914579e-02   3.7646585e-02   2.8755672e-03  -1.7106672e-03   3.3375721e-04
  -9.9922781e-03   4.4242893e-02   3.8829957e-02   2.7871787e-03  -1.4849486e-03   3.6036405e-04
  -6.0553812e-03   5.6845362e-02   5.3365139e-02   2.6713312e-03  -1.5136268e-03   3.4139123e-04
  -9.1488723e-03   2.9089162e-03   2.7075340e-02   3.2358564e-03  -1.5255719e-03   3.4855324e-04
  -1.1798535e-02   9.0731971e-02   3.9085172e-02   2.7017452e-03  -1.3317274e-03   2.3216154e-04
  -7.3385249e-03   6.0128396e-03   6.6440574e-03   3.1754535e-03  -1.4098101e-03   2.4037031e-04
  -5.7286496e-03   2.6431609e-02   4.2057863e-02   2.8671537e-03  -1.4704733e-03   4.1951144e-04
  -2.0842301e-03   2.1549698e-02   4.0443784e-02   3.1893392e-03  -1.6334572e-03   2.9053270e-04
  -1.1413685e-02   3.3948396e-02   3.8862579e-02   2.9885508e-03  -1.3954165e-03   3.7217302e-04
  -1.2627487e-02   7.0936670e-02   4.2437228e-02   2.8053739e-03  -1.3957867e-03   3.4073981e-04
  -1.1320673e-02   2.4993614e-03   1.5867387e-02   3.6507318e-03  -1.5224570e-03   4.5594096e-04
  -1.4278353e-02   9.0191605e-02   4.5451212e-02   3.0912787e-03  -1.4882524e-03   2.7341622e-04
  -1.2703756e-02  -5.3146331e-03   2.1176748e-03   3.3520794e-03  -1.4250907e-03   3.2903929e-04
  -4.0596750e-03   6.6078032e-02   4.1108625e-02   2.5972823e-03  -1.5091372e-03   3.0280368e-04
  -3.0076076e-03  -6.8982705e-02   3.5276050e-02   4.0257469e-03  -1.5350544e-03  -1.9553259e-05
   6.6558023e-03   5.0230123e-02   2.2457302e-02   3.0917598e-03  -1.6955255e-03   4.6931906e-04
  -2.1474596e-03  -1.4043681e-02   6.9573805e-03   3.4471453e-03  -1.4128972e-03   5.2978716e-04
   2.5371701e-03   5.2946372e-02   7.1535970e-03   2.6994106e-03  -1.3971857e-03   5.6538161e-04
  -9.6514860e-03  -2.8668476e-02   8.7148579e-04   3.3847796e-03  -1.3034237e-03   7.3335997e-04
  -4.3179150e-03   4.7788039e-02   2.7744449e-02   3.2985054e-03  -1.3936342e-03   6.8154927e-04
  -7.5949919e-03  -1.6175035e-02   7.6159844e-03   3.1728913e-03  -1.2421289e-03   7.5354970e-04
   9.5805642e-04   3.7610220e-02   2.7394921e-02   3.0453184e-03  -1.4393854e-03   7.3980542e-04
  -7.4322136e-03   2.2325748e-02   1.8515322e-03   2.8214690e-03  -1.3235524e-03   9.1296881e-04
  -1.1787855e-02   6.7146691e-02   2.0113778e-02   2.7399804e-03  -1.2605108e-03   6.6900570e-04
  -9.4743330e-03   2.3940666e-02  -2.4827228e-03   3.2137382e-03  -1.4055964e-03   8.4036503e-04
  -1.3669893e-02   6.2244416e-02   9.3227726e-03   2.9166671e-03  -1.1878414e-03   6.1954510e-04
  -1.3575847e-02   5.0812579e-02   4.3129049e-04   2.9844148e-03  -1.3203937e-03   5.7873641e-04
  -1.1315159e-02  -3.4549968e-03  -1.1879635e-02   3.4361520e-03  -1.4067740e-03   4.9997610e-04
  -1.1857381e-02   6.4134400e-02   1.3706161e-02   2.7572876e-03  -1.2097312e-03   4.9243020e-04
  -6.7306493e-03  -1.8223542e-02  -1.6878219e-02   3.4575036e-03  -1.3586724e-03   5.5571798e-04
  -6.4961066e-03   2.4863493e-02   1.6134495e-02   3.0078790e-03  -1.5218000e-03   6.2321255e-04
  -9.0560324e-03   4.3220731e-02   1.4455164e-02   2.8256362e-03  -1.4178794e-03   4.3472600e-04
  -4.4000768e-03  -2.8041261e-02  -2.1635129e-02   3.9085211e-03  -1.5075306e-03   5.9976906e-04
  -8.1671119e-04   3.9883253e-02   1.6019921e-02   3.2514650e-03  -1.5773128e-03   6.7316202e-04
   2.0878067e-03   4.6175910e-02  -1.0458488e-02   2.8866179e-03  -1.6295566e-03   8.1889222e-04
  -3.1928313e-03   2.0356469e-04  -1.9097773e-02   3.3332215e-03  -1.4595821e-03   7.0402463e-04
  -4.5877107e-04   3.2751551e-02   1.5770920e-03   3.1115508e-03  -1.6253929e-03   5.9819472e-04
   7.1929488e-05  -2.5844638e-02  -8.6882062e-03   3.6710247e-03  -1.7151724e-03   6.8398908e-04
   3.7358004e-03   4.7803954e-02   1.9398914e-02   3.5345105e-03  -1.7427330e-03   7.6622585e-04
   4.8286183e-03   5.2707947e-03  -2.3914737e-02   3.3688783e-03  -1.6316046e-03   7.3275855e-04
  -1.7248160e-03   2.7876823e-03  -3.6795637e-02   3.6507850e-03  -1.5349902e-03   8.2404612e-04
   9.7664023e-03   4.2627240e-02  -1.4220017e-02   3.2414070e-03  -1.7261104e-03   9.4719391e-04
   1.0979093e-02  -3.5056809e-02  -2.2546394e-02   4.0445015e-03  -1.8505941e-03   7.8444889e-04
   4.3656827e-03   6.0043822e-02   1.3035813e-02   3.0129437e-03  -1.7376019e-03   8.0441439e-04
   1.1353210e-02  -1.2468366e-02  -2.6081225e-02   3.8370564e-03  -1.8707720e-03   6.8032660e-04
   5.5788534e-03  -2.6360809e-02  -2.9881909e-02   4.2518712e-03  -1.8849922e-03   9.1205877e-04
   1.6468613e-02  -3.4986772e-02  -2.0357632e-02   4.9568449e-03  -2.2207179e-03   8.0803362e-04
   6.0673622e-03  -5.0669952e-02  -3.7266838e-02   5.1829228e-03  -2.0836263e-03   8.3536772e-04
   8.0145441e-03   1.7892042e-02  -1.3523883e-02   4.2223533e-03  -2.0508314e-03   8.3534638e-04
   5.8481108e-03  -5.7146376e-02  -3.4413467e-02   4.8005760e-03  -1.9637523e-03   8.4585444e-04
   1.2648472e-02   1.2468380e-02   1.1552229e-03   4.1930285e-03  -1.9156274e-03   7.4470527e-04
   1.6130538e-02  -5.9344923e-02  -2.2575526e-02   4.9127909e-03  -2.0750969e-03   8.6610784e-04
   1.0912519e-02  -2.8098058e-03   3.5790208e-03   4.5059608e-03  -1.9776481e-03   9.9978202e-04
   1.4727102e-02  -1.9165464e-02  -1.2732697e-02   4.9732346e-03  -1.9392538e-03   8.3445810e-04
   9.4703454e-03  -5.8778742e-02  -1.1042346e-02   4.5508850e-03  -1.8887878e-03   9.4408182e-04
   1.3748730e-02   7.6436793e-03   1.6226154e-02   3.9691825e-03  -1.9521679e-03   7.5721718e-04
   2.0092553e-02  -7.6005482e-02  -1.2894939e-02   4.8526325e-03  -2.1251579e-03   7.8725628e-04
   1.9322000e-02  -1.3287040e-02   9.4261251e-03   4.7265884e-03  -2.0443016e-03   7.2935105e-04
   2.2706389e-02  -2.7706072e-02  -9.6313433e-03   4.2623429e-03  -2.0237821e-03   6.6110178e-04
   1.9557759e-02  -8.3990385e-02  -2.1925486e-02   5.3629696e-03  -2.0718644e-03   9.2974605e-04
   2.5360093e-02   2.7509184e-02   2.1225099e-02   4.2347630e-03  -2.2066406e-03   9.3632235e-04
   2.1075711e-02  -4.2738598e-02  -1.8111540e-02   4.8184371e-03  -2.0607363e-03   8.5207981e-04
   1.9100185e-02   1.4307760e-02   6.3943227e-03   4.1993940e-03  -2.2031637e-03   8.2392203e-04
   2.3547521e-02  -8.8482935e-02  -1.2818142e-02   5.5910978e-03  -2.4194210e-03   9.3625261e-04
   2.0772515e-02  -7.5598369e-03   1.3820341e-02   4.7712636e-03  -2.2624526e-03   8.9189955e-04
   2.5507071e-02  -5.0166547e-02   2.5948629e-03   4.4498014e-03  -2.2565300e-03   7.5493075e-04
   2.2071050e-02  -6.0725780e-02   3.0598092e-03   5.3743041e-03  -2.2440014e-03   8.6355498e-04
   3.0820072e-02  -5.3410082e-02   2.0441715e-02   5.1061147e-03  -2.4862191e-03   7.9127412e-04
   2.2743620e-02  -3.8683314e-02   1.0314589e-02   4.4897675e-03  -2.1387587e-03   8.9169790e-04
   1.9794725e-02   2.6229535e-03   5.0931620e-03   4.2510980e-03  -2.0493502e-03   7.2513802e-04
   1.3252853e-02  -5.3257766e-02  -3.5873816e-02   4.4580718e-03  -2.2231013e-03   9.3845776e-04
   1.9442721e-02  -6.3208231e-03  -3.7481806e-04   4.3093953e-03  -2.4576101e-03   4.7930507e-04
   6.9635293e-03  -6.1040553e-02  -1.2861177e-02   4.9522175e-03  -2.2242122e-03   7.3765395e-04
   1.4967003e-02  -1.7822965e-02   2.2314043e-02   4.8450063e-03  -2.2661570e-03   6.5909225e-04
   8.9956540e-03  -7.2168910e-02  -2.4765546e-02   5.0910780e-03  -2.0324922e-03   8.4325816e-04
   1.2852938e-02  -2.0983311e-02   1.3234549e-02   4.7749418e-03  -2.1618025e-03   8.0961545e-04
   1.6844080e-02  -4.7183167e-02  -1.3498178e-02   4.5623649e-03  -2.3972503e-03   9.4965469e-04
   5.2524086e-03  -3.2032948e-02   1.8459843e-03   4.6545807e-03  -2.0749317e-03   7.9518078e-04
   1.5158231e-02  -6.8035664e-02  -1.4839819e-02   5.0496073e-03  -2.2938338e-03   8.0759801e-04
   1.6417108e-02  -4.5651991e-02  -1.3907325e-02   4.9782617e-03  -2.1991047e-03   8.0579314e-04
   2.0188218e-02  -2.0851166e-02  -2.1157176e-02   4.8919993e-03  -2.2031603e-03   9.4091709e-04
   1.6901309e-02  -8.8603190e-02  -3.7190070e-02   5.3731420e-03  -2.1389252e-03   1.0729616e-03
   2.2248054e-02  -2.9135142e-02   2.4738446e-03   5.3047769e-03  -2.3779682e-03   8.0823435e-04
   1.7724043e-02  -8.5830384e-02  -3.7568617e-02   5.4104542e-03  -2.3272070e-03   9.3101421e-04
   1.2632192e-02  -3.3366344e-02  -1.0434682e-02   4.9247447e-03  -2.2434955e-03   9.6862287e-04
   1.9383529e-02  -4.4137989e-02  -3.1058602e-02   5.1196222e-03  -2.3563259e-03   9.3179733e-04
   1.8755350e-02  -3.2619882e-02  -3.8569051e-02   4.8405930e-03  -2.2261848e-03   1.2482830e-03
   2.1463339e-02  -4.7152487e-02  -1.7067604e-02   5.1956022e-03  -2.3492981e-03   9.9661551e-04
   2.3114139e-02  -8.4994918e-02  -2.4635106e-02   5.5636375e-03  -2.3999958e-03   1.1511904e-03
   2.1763704e-02  -7.1354308e-03  -1.3282027e-02   5.1421959e-03  -2.2951149e-03   1.0769166e-03
   2.5332710e-02  -8.8890580e-02  -3.6238247e-02   5.6748508e-03  -2.3850347e-03   1.2235037e-03
   2.0852431e-02  -5.8571430e-02  -9.1534114e-03   5.6433880e-03  -2.3172060e-03   1.1370414e-03
   2.2969308e-02  -6.4371975e-02  -1.7315906e-02   6.1014107e-03  -2.4273663e-03   1.0269441e-03
   2.0306959e-02  -1.0339011e-01  -1.8487435e-02   5.8492992e-03  -2.3094894e-03   1.2854509e-03
   2.6692003e-02  -6.4584771e-02   1.3283520e-02   5.9123858e-03  -2.3708198e-03   1.2369140e-03
   2.3758886e-02  -7.7204489e-02  -2.6700656e-02   5.7774583e-03  -2.4069558e-03   1.1515244e-03
   1.3792284e-02  -5.3775041e-02  -1.9110699e-02   5.2736342e-03  -2.3099314e-03   1.0960724e-03
   1.7446512e-02  -7.0925299e-02  -3.1564728e-02   5.6239950e-03  -2.4685077e-03   1.0582606e-03
   2.0776440e-02  -7.7001697e-02  -2.6887724e-02   5.5567871e-03  -2.4735524e-03   1.0677603e-03
   2.4199636e-02  -3.7326509e-02  -1.7904108e-02   5.3801340e-03  -2.4033058e-03   1.0272063e-03
   2.8793539e-02  -1.0333805e-01  -3.6500368e-02   5.9163056e-03  -2.4606514e-03   1.1939243e-03
   2.7632043e-02  -5.3272088e-02   2.5473753e-03   5.4469260e-03  -2.4787845e-03   1.1139557e-03
   3.0208473e-02  -7.3233958e-02  -1.5080306e-02   5.2517906e-03  -2.5913457e-03   1.1609323e-03
   2.6792466e-02  -6.8912719e-02  -3.0858213e-02   5.4405281e-03  -2.4798060e-03   9.5589499e-04
   2.7039056e-02  -7.3284305e-02  -3.6310602e-02   5.5053685e-03  -2.6268282e-03   9.5450147e-04
   2.4488420e-02  -1.2496389e-01  -4.8933574e-02   6.6976395e-03  -2.6712295e-03   1.0270477e-03
   2.6302960e-02  -1.8841825e-02  -8.6862893e-03   5.2814857e-03  -2.6468038e-03   8.8273894e-04
   2.5509778e-02  -9.9960063e-02  -4.2430660e-02   6.0410511e-03  -2.6155155e-03   1.0301188e-03
   2.5725119e-02  -7.8016542e-02  -2.1752666e-02   5.6373137e-03  -2.6144711e-03   1.1448478e-03
   3.2443760e-02  -7.2961596e-02  -2.2122265e-02   5.5391346e-03  -2.8960498e-03   1.0325563e-03
   2.5426551e-02  -7.8805679e-02  -2.2918702e-02   5.7484356e-03  -2.6860882e-03   7.9236491e-04
   2.5089507e-02  -4.9799995e-02  -2.2149566e-02   5.5877143e-03  -2.6546705e-03   8.7403041e-04
   2.2944754e-02  -1.1019401e-01  -5.1991207e-02   5.7812871e-03  -2.5642695e-03   9.4912808e-04
   3.1268989e-02  -6.1705707e-02  -1.1799337e-02   5.6352162e-03  -2.6944307e-03   1.0006589e-03
   2.8053899e-02  -8.6987750e-02  -2.9678136e-02   5.5246643e-03  -2.6082202e-03   1.0310571e-03
   2.7459519e-02  -6.7657043e-02  -3.0574750e-02   5.5254770e-03  -2.5840587e-03   1.0305740e-03
   2.8410056e-02  -7.0901628e-02  -3.8310593e-02   5.5095985e-03  -2.5874038e-03   9.7454454e-04
   3.5120451e-02  -1.1590347e-01  -4.9793233e-02   6.1576584e-03  -2.7935251e-03   9.9076600e-04
   3.0908382e-02  -2.8705415e-02  -2.3870323e-02   5.2563622e-03  -2.6406705e-03   7.7426217e-04
   3.1960231e-02  -1.0638195e-01  -5.0192306e-02   5.7857348e-03  -2.7570527e-03   8.2606054e-04
   2.7135813e-02  -5.4989160e-02  -2.4808774e-02   5.3979300e-03  -2.7243444e-03   8.4921701e-04
   2.8874045e-02  -1.1928908e-01  -4.6420777e-02   5.8050336e-03  -2.8017253e-03   9.1905388e-04
   3.5207094e-02  -5.1356979e-02  -2.6836029e-02   5.3915733e-03  -2.8228305e-03   6.8633415e-04
   3.9395552e-02  -1.0228374e-01  -6.2333842e-02   6.1872248e-03  -2.8491593e-03   8.4475828e-04
   3.1385266e-02  -7.3150233e-02  -5.7324678e-02   5.4752157e-03  -2.7072056e-03   7.2596964e-04
   3.3786497e-02  -7.1905904e-02  -5.0401908e-02   5.6992726e-03  -2.8334266e-03   8.2173757e-04
   3.1889180e-02  -9.9780763e-02  -5.1417443e-02   6.1082673e-03  -2.8650782e-03   7.4234564e-04
   3.1603277e-02  -2.5043862e-03  -3.8537490e-02   5.1565988e-03  -2.9268183e-03   7.4960586e-04
   2.6207292e-02  -9.6617637e-02  -7.1300349e-02   5.6891913e-03  -2.7654201e-03   9.3696868e-04
   2.9860532e-02  -4.8833609e-02  -3.4149129e-02   5.6435718e-03  -2.8226358e-03   7.2441310e-04
   3.5645227e-02  -6.3165443e-02  -5.1821612e-02   5.4421466e-03  -3.0187563e-03   8.0742485e-04
   3.0552864e-02  -5.7077643e-02  -5.4098274e-02   5.3651861e-03  -2.7746836e-03   8.9451501e-04
   3.3357886e-02  -5.7303726e-02  -4.5844086e-02   5.5092510e-03  -2.7943978e-03   8.1348318e-04
   3.6745361e-02  -1.0956258e-01  -6.7357790e-02   6.0203027e-03  -2.7877835e-03   1.1439446e-03
   4.2058047e-02  -2.0679633e-02  -2.7233824e-02   5.1732124e-03  -2.6048326e-03   9.1733404e-04
   4.0514035e-02  -1.0037148e-01  -6.7879656e-02   5.7319718e-03  -2.6614954e-03   1.0043104e-03
   3.7410276e-02  -1.0529635e-01  -5.7584995e-02   6.3159844e-03  -2.6825992e-03   1.0697248e-03
   3.2943279e-02  -4.1093496e-02  -3.3680281e-02   5.3419947e-03  -2.5820071e-03   1.0471160e-03
   3.2070382e-02  -1.5219562e-01  -7.2397152e-02   7.1263148e-03  -2.6924419e-03   1.2490071e-03
   3.5013258e-02  -6.9835065e-02  -3.3500345e-02   6.1127537e-03  -2.7709912e-03   1.1817817e-03
   2.7362236e-02  -1.0064029e-01  -5.7270631e-02   6.1683323e-03  -2.7093977e-03   1.1911969e-03
   2.3270938e-02  -7.5656486e-02  -5.3351734e-02   5.9770615e-03  -2.6493650e-03   1.3035453e-03
   3.6631064e-02  -9.7415895e-02  -5.4390845e-02   6.1763003e-03  -2.9000801e-03   1.2680341e-03
   2.8665772e-02  -9.4364803e-02  -5.1962483e-02   5.8660258e-03  -2.5362719e-03   1.3233390e-03
   3.0328247e-02  -5.8868217e-02  -4.7123495e-02   5.6980277e-03  -2.6132249e-03   1.1649734e-03
   3.0169301e-02  -1.4279170e-01  -8.5080886e-02   6.7961373e-03  -2.7468397e-03   1.2630169e-03
   2.8100961e-02  -6.4904621e-02  -4.4713931e-02   5.9596651e-03  -2.7299925e-03   1.1946020e-03
   3.4239553e-02  -1.2265493e-01  -7.4207224e-02   6.4144846e-03  -2.8498044e-03   1.1823143e-03
   3.1183190e-02  -1.2840343e-01  -7.8882186e-02   6.4667464e-03  -2.8440345e-03   1.2276459e-03
   3.5822305e-02  -9.4959468e-02  -6.2589434e-02   6.0994886e-03  -3.0163845e-03   1.2166755e-03
   3.5999328e-02  -1.4922896e-01  -8.1015530e-02   6.9035950e-03  -3.0985140e-03   1.2024922e-03
   3.4213070e-02  -4.9388329e-02  -5.8130725e-02   5.6242696e-03  -3.0135486e-03   1.1903798e-03
   3.6910318e-02  -1.3757489e-01  -9.5331668e-02   6.6477867e-03  -3.0979101e-03   1.0088299e-03
   3.2672522e-02  -1.1976504e-01  -1.0026360e-01   6.0311765e-03  -3.1957701e-03   9.4312210e-04
   2.8540938e-02  -1.2700911e-01  -6.5425173e-02   6.2007284e-03  -3.1786802e-03   9.2887813e-04
   3.0803533e-02  -1.3144895e-01  -8.7197389e-02   6.2534797e-03  -3.1647235e-03   7.1759131e-04
   2.7856581e-02  -8.9955283e-02  -7.6573678e-02   5.5803159e-03  -2.9565253e-03   8.5497978e-04
   3.4326375e-02  -9.0962209e-02  -7.1102421e-02   5.5094443e-03  -3.0594388e-03   6.7248895e-04
   2.6305086e-02  -1.4275385e-01  -9.1424052e-02   5.7833888e-03  -2.9513299e-03   8.7327490e-04
   3.7124867e-02  -6.7152328e-02  -6.6294990e-02   5.2377241e-03  -3.1238701e-03   8.8834492e-04
   3.2376968e-02  -1.3663571e-01  -8.9746496e-02   5.7217048e-03  -3.0435897e-03   9.7279181e-04
   3.5146631e-02  -7.7559084e-02  -5.9231867e-02   5.0576461e-03  -3.0784416e-03   8.8350995e-04
   2.8165376e-02  -1.3588704e-01  -9.8434606e-02   5.5338407e-03  -2.9383145e-03   8.2503544e-04
   3.3219937e-02  -1.2107878e-01  -8.2727727e-02   5.6878961e-03  -3.0469185e-03   7.3069169e-04
   2.9123977e-02  -1.4772342e-01  -9.0020532e-02   5.6379497e-03  -2.9646194e-03   8.1932550e-04
   3.1123870e-02  -1.1218453e-01  -6.3090274e-02   5.5549253e-03  -3.0295977e-03   8.7949525e-04
   2.9313304e-02  -1.5148961e-01  -9.3419055e-02   5.6837370e-03  -3.0417649e-03   7.7974485e-04
   2.6571504e-02  -1.5048992e-01  -9.0849062e-02   5.8366929e-03  -2.9981190e-03   8.2276982e-04
   3.0162103e-02  -1.5555538e-01  -1.0395068e-01   5.8703697e-03  -3.1339139e-03   9.7822163e-04
   3.5663916e-02  -1.4879880e-01  -8.5053979e-02   6.1355470e-03  -3.0710150e-03   9.1866889e-04
   3.6838424e-02  -1.5825926e-01  -9.4640922e-02   5.9198425e-03  -3.1701489e-03   8.6723972e-04
   3.5289142e-02  -1.4683689e-01  -6.4617241e-02   5.8287221e-03  -3.1044326e-03   8.1428198e-04
   4.1835575e-02  -1.6800949e-01  -8.3016451e-02   5.9398299e-03  -3.3507171e-03   7.8632624e-04
   3.5488098e-02  -1.0680661e-01  -7.0586738e-02   5.0146459e-03  -3.1009117e-03   7.6161245e-04
   3.4118490e-02  -1.3767157e-01  -1.1316270e-01   5.4148260e-03  -3.1435192e-03   8.2298423e-04
   3.4964765e-02  -1.5417341e-01  -1.0699244e-01   6.0658263e-03  -3.0338396e-03   8.3475231e-04
   3.9456452e-02  -1.4459018e-01  -1.1114719e-01   5.3834210e-03  -3.1756533e-03   6.0099992e-04
   3.1152152e-02  -1.8280983e-01  -1.2555294e-01   6.4477968e-03  -3.0293901e-03   8.1842129e-04
   3.1764643e-02  -1.6307222e-01  -1.1886527e-01   5.3379384e-03  -3.0614014e-03   8.1473050e-04
   2.7269877e-02  -1.4295946e-01  -1.0127996e-01   5.1438471e-03  -3.0189963e-03   7.7474985e-04
   2.7450185e-02  -1.8199992e-01  -1.1609494e-01   5.4647976e-03  -3.1527371e-03   8.5818473e-04
   2.0195920e-02  -1.6907058e-01  -1.1497408e-01   5.2043824e-03  -3.1057998e-03   5.1985436e-04
   2.2563904e-02  -1.3874249e-01  -1.3068946e-01   5.5912207e-03  -3.1505383e-03   7.1769792e-04
   1.5881953e-02  -1.5019799e-01  -1.5141419e-01   5.2145751e-03  -2.9884119e-03   9.6524495e-04
   3.4198844e-02  -1.2380959e-01  -1.1255499e-01   5.2285886e-03  -3.0883268e-03   6.8346481e-04
   3.1711236e-02  -1.7611222e-01  -1.2314903e-01   5.5032707e-03  -2.9919954e-03   9.5076380e-04
   3.3259304e-02  -1.1030811e-01  -9.7604948e-02   5.1098077e-03  -3.0493524e-03   9.1454673e-04
   2.6740788e-02  -1.4975898e-01  -1.3084540e-01   5.0799423e-03  -3.0669641e-03   1.1243270e-03
   1.8744158e-02  -1.4100049e-01  -1.2217253e-01   4.8524111e-03  -2.8525288e-03   1.1553704e-03
   2.3713168e-02  -1.4141020e-01  -1.2931199e-01   4.9392403e-03  -2.9418249e-03   9.6521946e-04
   2.7401880e-02  -1.8918511e-01  -1.4738991e-01   5.5253915e-03  -3.0040329e-03   1.0030617e-03
   3.1898022e-02  -1.2736712e-01  -1.0793576e-01   5.4300185e-03  -3.1627027e-03   9.1159314e-04
   2.5137965e-02  -1.5153061e-01  -1.2636256e-01   5.2112118e-03  -3.2534393e-03   1.1177542e-03
   2.4341527e-02  -8.6443955e-02  -1.0058745e-01   4.9421414e-03  -3.1501059e-03   1.0249330e-03
   1.8740283e-02  -1.7319928e-01  -1.3578512e-01   5.9347765e-03  -3.0294825e-03   1.0231367e-03
   1.7068186e-02  -1.0806279e-01  -1.1802888e-01   5.0285609e-03  -2.9324560e-03   1.0835179e-03
   1.5926998e-02  -1.5255678e-01  -1.3326837e-01   5.0608915e-03  -2.8734802e-03   1.1058448e-03
   2.0049134e-02  -1.2756769e-01  -1.2287668e-01   5.1006842e-03  -2.9667200e-03   9.9595890e-04
   2.9012589e-02  -1.5045644e-01  -1.2675776e-01   5.2105847e-03  -3.2255689e-03   9.4349547e-04
   2.9152794e-02  -1.1724248e-01  -1.2393607e-01   4.7852630e-03  -3.0723545e-03   8.7844732e-04
   3.1387980e-02  -1.4514515e-01  -1.4301755e-01   5.7453651e-03  -3.0760481e-03   8.4888101e-04
   2.7219843e-02  -1.3863635e-01  -1.4608797e-01   5.2467975e-03  -3.0823445e-03   1.1287754e-03
   2.8338804e-02  -1.2344103e-01  -1.2631583e-01   4.8063479e-03  -2.9705415e-03   1.0293132e-03
   2.6441815e-02  -1.5258734e-01  -1.5184317e-01   5.3177754e-03  -3.0844973e-03   1.2554505e-03
   3.3048895e-02  -8.6329385e-02  -1.1609448e-01   4.9352114e-03  -3.0722993e-03   9.3253131e-04
   2.8098990e-02  -1.7102983e-01  -1.6522888e-01   5.7562510e-03  -3.0675332e-03   1.0555492e-03
   3.3131031e-02  -5.1544487e-02  -9.7201567e-02   4.7470020e-03  -3.1121449e-03   8.8859189e-04
   2.5872935e-02  -1.4436022e-01  -7.5516309e-02   5.5938309e-03  -3.1356270e-03   1.1940752e-03
   1.9918495e-02  -1.3712140e-01  -5.8165746e-02   6.0263630e-03  -2.9983356e-03   1.1745460e-03
   2.0416688e-02  -1.1973052e-01  -1.0906013e-01   5.5443319e-03  -3.1026022e-03   9.4553589e-04
   1.1944736e-02  -1.7024117e-01  -1.4228039e-01   7.1360481e-03  -3.0414499e-03   9.2733110e-04
   1.9987078e-02  -8.5670983e-02  -9.9896226e-02   5.6013772e-03  -3.2092092e-03   9.2775391e-04
   1.4026751e-02  -1.7098362e-01  -1.2115703e-01   6.2295596e-03  -2.9717976e-03   1.2786097e-03
   2.0829323e-02  -1.2257838e-01  -6.5484808e-02   5.9096549e-03  -3.1023897e-03   1.1449884e-03
   2.6117521e-02  -1.6578642e-01  -9.7218543e-02   6.3794211e-03  -3.3058608e-03   1.3542530e-03
   1.4501304e-02  -1.1225035e-01  -6.7011104e-02   5.5228381e-03  -2.9627406e-03   1.2406842e-03
   2.0429031e-02  -1.0524435e-01  -8.1928494e-02   5.7109663e-03  -3.1448814e-03   1.3553162e-03
  -2.6237377e-02  -2.2509994e-01  -8.7013982e-02   7.4328142e-03  -2.1806615e-03   8.4914405e-04
  -4.6679420e-02  -3.8699476e-02  -9.0470317e-02   4.7524154e-03  -1.6148403e-03   1.2147050e-03
  -4.9614088e-02  -1.7829230e-01  -1.3183504e-01   4.9824043e-03  -1.3785859e-03   7.7890722e-04
  -5.8369393e-02  -6.2247006e-02  -9.6291126e-02   4.5496856e-03  -1.2669419e-03   1.2579971e-03
  -4.6936858e-02  -8.9896458e-02  -1.1347349e-01   4.8729635e-03  -1.6213675e-03   1.2095178e-03
  -5.6488006e-02  -1.0824913e-01  -1.0381849e-01   4.8934064e-03  -1.3521451e-03   1.4183315e-03
  -4.7351286e-02  -7.0898156e-02  -6.8887897e-02   4.8123728e-03  -1.5267248e-03   1.4535146e-03
  -4.4951890e-02  -8.0287772e-02  -6.2117875e-02   4.8010939e-03  -1.5873772e-03   1.7226023e-03
  -4.5064900e-02  -7.5622424e-02  -6.3465524e-02   4.7941588e-03  -1.5026819e-03   1.5604230e-03
  -4.8236404e-02  -9.6570508e-02  -9.5189143e-02   5.3062520e-03  -1.6437979e-03   1.7589599e-03
  -3.5231928e-02  -1.0486090e-01  -8.4201209e-02   6.2265575e-03  -2.0098590e-03   1.4784614e-03
  -3.8942159e-02  -1.0744039e-01  -7.8616697e-02   5.3203015e-03  -1.8351544e-03   1.5366830e-03
  -3.7322108e-02  -7.0173105e-02  -6.8803616e-02   4.8710597e-03  -1.6646160e-03   1.4910930e-03
  -4.1812034e-02  -1.2343676e-01  -9.4087276e-02   5.4716280e-03  -1.7116309e-03   1.6776335e-03
  -3.7263483e-02  -5.4793261e-02  -4.8590075e-02   4.8519900e-03  -1.8445257e-03   1.5217784e-03
  -3.8159896e-02  -1.3494670e-01  -1.0899505e-01   5.9435385e-03  -1.7655260e-03   1.7317257e-03
  -3.9249298e-02  -8.9503543e-02  -7.1970039e-02   5.7489024e-03  -1.7249133e-03   1.6512107e-03
  -3.6743574e-02  -7.2393512e-02  -5.5406883e-02   4.8216866e-03  -1.8459695e-03   1.8606605e-03
  -4.3792460e-02  -1.0207851e-01  -8.0116608e-02   5.4497579e-03  -1.7958887e-03   1.6960829e-03
  -4.3069929e-02  -8.3162000e-02  -6.0648147e-02   5.9087930e-03  -2.0175309e-03   1.4711331e-03
  -4.5859377e-02  -1.1075297e-01  -8.7974955e-02   5.4839753e-03  -1.9634366e-03   1.5512758e-03
  -4.5020556e-02  -4.6141925e-02  -5.7990501e-02   5.0258190e-03  -1.8577940e-03   1.4642537e-03
  -4.2069552e-02  -9.8942532e-02  -8.4498678e-02   5.3135112e-03  -2.0578615e-03   1.6493866e-03
  -4.0480913e-02  -7.3372995e-02  -5.1363090e-02   5.4579716e-03  -2.0774721e-03   1.7200536e-03
  -3.9507717e-02  -4.6840778e-02  -5.8157736e-02   4.8852611e-03  -2.0217252e-03   1.6437011e-03
  -4.5236503e-02  -1.0405563e-01  -8.4371863e-02   5.6316332e-03  -1.8673299e-03   1.7456632e-03
  -2.8888821e-02  -4.8948939e-02  -4.5387362e-02   5.6386193e-03  -2.2444284e-03   1.4034434e-03
  -3.6212097e-02  -1.0104372e-01  -7.8434506e-02   5.4915056e-03  -1.9803376e-03   1.4878381e-03
  -4.0426454e-02  -6.4881224e-02  -7.2274618e-02   5.6169727e-03  -2.0456030e-03   1.5224287e-03
  -2.6773776e-02  -9.6906882e-02  -6.9127902e-02   5.7962270e-03  -2.2893045e-03   1.3581122e-03
  -4.0809179e-02  -9.4646739e-02  -5.8903889e-02   5.5001194e-03  -1.9559361e-03   1.5536397e-03
  -3.7947318e-02  -6.3668660e-02  -4.4437745e-02   5.6041628e-03  -2.0376457e-03   1.5672226e-03
  -3.7331012e-02  -1.2735652e-01  -8.2472767e-02   6.2919648e-03  -2.2333830e-03   1.6074793e-03
