   0.0000000e+00   0.0000000e+00   0.0000000e+00   0.0000000e+00   0.0000000e+00   0.0000000e+00
  -4.1337746e-03  -1.3151686e-02   3.0471563e-02   6.3848709e-04  -5.0514999e-05   1.5243501e-04
   5.7213068e-03   4.0846329e-02   6.7355186e-02   1.0944182e-03  -3.2505891e-04  -1.2068836e-04
   3.4519380e-03   2.0632815e-02   6.6772523e-02   3.8268806e-04  -5.6287534e-05  -9.5406955e-05
   9.4705941e-05   8.6234709e-02   8.2933908e-02  -2.2507601e-04  -2.0648958e-05  -2.5744630e-04
  -2.6714912e-03   3.1394860e-02   4.8528387e-02   2.1922077e-04  -1.6735339e-04  -5.0243302e-05
  -2.9048242e-03   4.5851414e-02   5.8726046e-02   2.6079257e-04  -1.6622246e-04   1.3012560e-04
   9.3990952e-04   3.6456871e-02   7.2724520e-02   1.4943848e-04  -1.4539485e-04   1.7138955e-04
   1.3603334e-03   1.3059052e-02   8.0785466e-02   5.9503573e-04  -4.4749920e-05   1.9726527e-04
   8.9147468e-03   6.3780136e-02   1.1479151e-01   6.5382544e-05  -1.9229114e-04   1.5358882e-04
   9.6291720e-03   9.4905587e-02   1.1025920e-01  -1.3942168e-03  -2.7693834e-04   2.6061723e-04
   1.2053917e-02   6.1161084e-02   8.7739990e-02  -7.6724352e-04  -2.6691530e-04   2.3490501e-04
   8.5798377e-03   7.2702540e-02   8.8312381e-02  -2.9203185e-04  -2.9375042e-04   2.0648416e-04
   1.2056430e-02   6.4402169e-02   6.1862222e-02  -6.2842033e-04  -6.4921807e-04   9.9274967e-05
   1.1118932e-02   7.2183188e-02   9.8570960e-02  -1.0063938e-03  -5.6761271e-04   1.1368257e-04
   1.9007582e-02   9.2607562e-02   1.0991106e-01  -9.4303827e-04  -8.1862280e-04   1.4766842e-04
   2.1975062e-02   4.9009635e-02   8.9700605e-02  -7.4255837e-04  -8.5092371e-04   1.7015154e-04
   1.3413454e-02   1.3182371e-01   1.0156246e-01  -1.3066745e-03  -6.1389001e-04   1.0800086e-04
   1.5179120e-02   6.0721184e-02   6.9651588e-02  -9.2399096e-04  -8.2233149e-04   3.6272798e-04
   1.2273027e-02   8.6964260e-02   7.5654951e-02  -8.6831228e-04  -7.1776027e-04   3.5724358e-04
   2.0028621e-02   8.0338833e-02   7.5371345e-02  -9.4174363e-04  -9.2884107e-04   3.6458473e-04
   1.7943870e-02   4.6341644e-02   7.6855362e-02  -5.7352189e-04  -9.5940025e-04   4.5502465e-04
   2.1628289e-02   1.1061431e-01   1.0125945e-01  -1.0844737e-03  -1.0940781e-03   2.6041291e-04
   2.0430409e-02   3.8901836e-02   5.7375026e-02  -2.2531096e-04  -1.1016456e-03   2.2603424e-04
   2.7679203e-02   1.3503239e-01   8.8181777e-02  -1.5956710e-03  -1.1497820e-03   7.3216562e-05
   2.5000355e-02   5.8715283e-02   5.8340134e-02  -1.3255030e-03  -9.5674463e-04   3.7592518e-04
   1.6105916e-02   1.1296101e-01   7.7617147e-02  -1.5897087e-03  -8.1942612e-04   1.6844784e-04
   1.7521427e-02   7.2045948e-02   5.3254180e-02  -1.1175539e-03  -1.0425758e-03   2.9409090e-04
   1.9281038e-02   7.0014516e-02   5.9670177e-02  -4.8563781e-04  -1.1250570e-03   3.5641964e-04
   1.6097726e-02   9.7897859e-02   7.9762914e-02  -9.4035782e-04  -9.0571330e-04   5.4341294e-04
   1.6861418e-02   8.8235381e-02   6.7647415e-02  -1.3763536e-03  -6.9610155e-04   4.3178360e-04
   1.6730405e-02   1.3259133e-01   9.1656669e-02  -1.7214930e-03  -7.2166533e-04   4.6487779e-04
   1.7647411e-02   9.2015946e-02   5.5894899e-02  -1.6018449e-03  -8.5424533e-04   6.1397535e-04
   1.9905670e-02   6.2259373e-02   4.7035119e-02  -6.5476720e-04  -9.7989281e-04   6.9214088e-04
   2.1477961e-02   9.1129293e-02   6.4487093e-02  -4.0943813e-04  -1.1210280e-03   5.1190247e-04
   2.9447744e-02   8.1866899e-02   7.0167513e-02  -1.1677998e-03  -1.3099439e-03   7.2771771e-04
   2.0711276e-02   1.3022308e-01   1.0561865e-01  -1.9761061e-03  -8.9757668e-04   6.3804732e-04
   2.0876209e-02   1.3314923e-01   9.3392576e-02  -2.0092525e-03  -8.6641256e-04   6.6299739e-04
   1.9751926e-02   6.2906716e-02   7.1878470e-02  -1.1153663e-03  -1.0072308e-03   8.9173425e-04
   1.9839789e-02   1.3699328e-01   8.3941847e-02  -1.8912860e-03  -1.0580752e-03   8.4701881e-04
   2.6442701e-02   3.6739686e-02   7.2534980e-02  -1.3272625e-03  -1.2056193e-03   9.0034998e-04
   2.3225319e-02   5.0019265e-02   7.4660229e-02  -1.5736453e-03  -1.1530441e-03   5.2629981e-04
   2.2686866e-02   1.4418996e-01   9.6737102e-02  -1.9523966e-03  -1.1675660e-03   5.8088852e-04
   2.7497009e-02   4.8741634e-02   6.9180091e-02  -1.3858915e-03  -1.4449681e-03   6.6087250e-04
   2.7944899e-02   8.1325610e-02   9.0273708e-02  -1.3965690e-03  -1.6736941e-03   4.8110667e-04
   2.7449422e-02   1.1328560e-01   9.5951829e-02  -1.8181508e-03  -1.7325466e-03   3.7142924e-04
   3.9642076e-02   1.0367196e-01   9.9278560e-02  -2.3299222e-03  -1.9715831e-03   3.9817562e-04
   3.3040805e-02   1.2810802e-01   1.1529984e-01  -2.4509130e-03  -1.9864969e-03   4.5827376e-04
   3.0907662e-02   7.3548630e-02   9.0845254e-02  -1.9033660e-03  -2.0778056e-03   4.9800485e-04
   3.4021641e-02   1.3446545e-01   1.1580267e-01  -2.4703019e-03  -2.2544680e-03   3.2861702e-04
   3.5522679e-02   7.8792222e-02   8.8078332e-02  -2.1599674e-03  -2.2489635e-03   6.6542479e-04
   3.9670516e-02   1.2179430e-01   8.8949819e-02  -1.8415344e-03  -2.3126332e-03   3.2971865e-04
   3.4349862e-02   9.7338009e-02   7.5465398e-02  -1.9667046e-03  -2.3183474e-03   3.7962600e-04
   3.1067641e-02   1.1877055e-01   1.0836878e-01  -2.2118997e-03  -2.2406534e-03   3.2120757e-04
   3.3248792e-02   1.1496601e-01   1.2280736e-01  -2.1231315e-03  -2.4436266e-03   4.0652923e-04
   3.1858940e-02   1.0908909e-01   1.1188563e-01  -1.7489360e-03  -2.5153235e-03   4.4114611e-04
   2.6194523e-02   1.5028505e-01   1.1801756e-01  -1.9907998e-03  -2.3673362e-03   3.6290711e-04
   3.7670030e-02   1.0734367e-01   1.0903719e-01  -2.3867621e-03  -2.4302568e-03   4.3380716e-04
   3.3996295e-02   1.6366490e-01   1.2856020e-01  -2.9961013e-03  -2.3991305e-03   5.1834459e-04
   3.4822736e-02   9.1304135e-02   1.1326910e-01  -2.3687825e-03  -2.4454077e-03   6.3468753e-04
   3.1543356e-02   1.3216809e-01   1.3043550e-01  -2.5164087e-03  -2.3716979e-03   4.8911383e-04
   3.7624318e-02   9.7891590e-02   1.0711859e-01  -2.0650561e-03  -2.6491431e-03   5.7353559e-04
   3.9054510e-02   1.1626096e-01   1.1211501e-01  -1.9337337e-03  -2.4449529e-03   4.5708967e-04
   4.0722441e-02   1.5073348e-01   1.1210005e-01  -2.3870878e-03  -2.5655648e-03   4.8049160e-04
   4.0334656e-02   9.3371895e-02   9.9695230e-02  -2.5452117e-03  -2.5905178e-03   7.4754892e-04
   3.8152713e-02   1.4947507e-01   1.2399963e-01  -2.8276164e-03  -2.5518828e-03   6.3487342e-04
   3.7795962e-02   8.5419872e-02   1.0146402e-01  -2.0360798e-03  -2.7981535e-03   5.9339944e-04
   4.3417896e-02   1.4450524e-01   1.3636156e-01  -2.1141004e-03  -2.9218531e-03   4.1873842e-04
   4.2542639e-02   1.5725846e-01   1.3216873e-01  -2.9322948e-03  -2.9600635e-03   5.9905721e-04
   4.2199146e-02   1.5311784e-01   1.1838997e-01  -2.6719272e-03  -2.8733261e-03   5.3842597e-04
   4.1244963e-02   1.6949499e-01   1.1533190e-01  -2.9322277e-03  -2.8199980e-03   6.1099474e-04
   4.4545898e-02   1.1267578e-01   9.8050186e-02  -2.3189796e-03  -2.8486049e-03   5.9057733e-04
   4.4104699e-02   1.5767004e-01   1.2964598e-01  -2.4601502e-03  -2.8732630e-03   4.2884296e-04
   5.2752329e-02   6.4417157e-02   9.7385664e-02  -8.5119759e-04  -3.3383820e-03   4.5676996e-04
   4.0933773e-02   1.6565630e-01   1.4301153e-01  -2.8767010e-03  -3.0690313e-03   2.6399813e-04
   3.5772298e-02   1.5834727e-01   1.2485695e-01  -2.8941159e-03  -3.0506391e-03   6.1261001e-05
   4.6517697e-02   1.1111197e-01   1.0866625e-01  -2.5566849e-03  -3.2230939e-03   3.6755022e-04
   5.1779704e-02   1.6271738e-01   1.3648477e-01  -2.6903927e-03  -3.0428959e-03   4.3906707e-04
   5.4762564e-02   1.1198062e-01   1.1820887e-01  -1.9503849e-03  -3.0823289e-03   5.4475768e-04
   5.8814724e-02   8.0586926e-02   1.1549614e-01  -5.3961239e-04  -3.2725228e-03   6.0723333e-04
   4.5841895e-02   1.6787189e-01   1.5004394e-01  -2.2579059e-03  -2.9853326e-03   4.4794107e-04
   5.3486561e-02   1.2233657e-01   1.1956160e-01  -2.3160833e-03  -3.2205162e-03   6.4609510e-04
   4.4767550e-02   1.6480694e-01   1.6101463e-01  -2.7319056e-03  -2.9789812e-03   4.6852646e-04
   4.8107237e-02   1.4299520e-01   1.4727759e-01  -2.3836781e-03  -3.1148783e-03   4.5601131e-04
   4.7210646e-02   1.0524943e-01   1.3665344e-01  -1.7313493e-03  -3.1727945e-03   6.5831694e-04
   4.5890612e-02   1.7868006e-01   1.6435815e-01  -2.3235770e-03  -3.2129797e-03   4.9957356e-04
   4.5447016e-02   1.1840180e-01   1.4748341e-01  -1.6600458e-03  -3.2256769e-03   6.3283184e-04
   4.6045828e-02   1.7550466e-01   1.7117574e-01  -2.2563858e-03  -3.1461505e-03   3.3220677e-04
   4.9858550e-02   1.6545987e-01   1.8371740e-01  -2.6432993e-03  -3.3392357e-03   3.9893792e-04
   4.6477756e-02   1.2557717e-01   1.6525700e-01  -2.1100823e-03  -3.4174419e-03   4.7939057e-04
   4.6703440e-02   1.8528283e-01   1.9627728e-01  -2.4382080e-03  -3.5153591e-03   1.9824321e-04
   4.9252098e-02   1.0417248e-01   1.7233580e-01  -1.3337979e-03  -3.6197583e-03   3.0046009e-04
   4.8770771e-02   2.0358091e-01   2.1154542e-01  -2.9104853e-03  -3.3615971e-03   2.0491649e-04
   5.6116637e-02   1.4628192e-01   1.7649592e-01  -2.4851578e-03  -3.5383782e-03   3.8755248e-04
   4.4719919e-02   1.5920265e-01   1.8248905e-01  -2.4949094e-03  -3.2839023e-03   4.6668980e-04
   4.8012400e-02   1.7387717e-01   1.8626470e-01  -2.2559535e-03  -3.4636623e-03   2.2771261e-04
   5.4263507e-02   1.0899779e-01   1.5977835e-01  -1.2421732e-03  -3.7185077e-03   3.1015938e-04
   4.5890401e-02   1.5229832e-01   1.9321533e-01  -1.8325988e-03  -3.3199816e-03   2.5067112e-04
   4.0748886e-02   1.1191535e-01   1.6840146e-01  -1.4576541e-03  -3.5844188e-03  -4.8624399e-04
   3.0952254e-02   1.5587826e-01   2.0392661e-01  -2.0529891e-03  -3.4390073e-03  -3.6774230e-04
   4.1366330e-02   1.6424581e-01   1.9987218e-01  -1.7126625e-03  -3.5921656e-03  -5.2110924e-04
   4.4141531e-02   1.2638104e-01   1.6435460e-01  -1.7060179e-03  -3.6665366e-03  -4.4700963e-04
   5.0388557e-02   1.8810578e-01   2.1142589e-01  -2.0571303e-03  -3.6188058e-03  -7.3300536e-04
   5.7185645e-02   1.1597617e-01   1.9101393e-01  -1.3551210e-03  -3.8910907e-03  -3.4405739e-04
   5.2914514e-02   1.9003815e-01   2.5124694e-01  -2.6640684e-03  -3.5686462e-03  -4.9029050e-04
   5.3122541e-02   1.6583847e-01   2.1849449e-01  -2.5458310e-03  -3.5480681e-03  -3.5716654e-04
   5.2158725e-02   1.5634946e-01   2.0852997e-01  -2.0854844e-03  -3.5788153e-03  -4.4402345e-04
   5.3062000e-02   1.8922523e-01   2.1088324e-01  -2.4400170e-03  -3.7917419e-03  -5.0917021e-04
   5.5868759e-02   1.1166595e-01   1.6323969e-01  -9.1481848e-04  -3.8734828e-03  -4.5691411e-04
   5.6361352e-02   2.0020251e-01   2.2590418e-01  -2.3070315e-03  -3.8283568e-03  -5.9682202e-04
   5.6257484e-02   1.8429943e-01   2.0824869e-01  -2.7542403e-03  -3.6744352e-03  -5.1556104e-04
   6.0102956e-02   1.5864425e-01   1.9061385e-01  -2.5114429e-03  -3.8738238e-03  -4.4213348e-04
   5.7104052e-02   1.8935402e-01   2.0556383e-01  -2.8139957e-03  -3.8498083e-03  -3.2008849e-04
   5.6544163e-02   1.4081453e-01   1.9343479e-01  -2.0490070e-03  -3.8371806e-03  -3.6323038e-04
   5.1437252e-02   2.2486454e-01   2.2747009e-01  -3.0009983e-03  -3.7794258e-03  -2.5924505e-04
   5.3981522e-02   1.6272497e-01   1.9003306e-01  -2.3676553e-03  -3.8435090e-03  -3.4798146e-04
   5.2539467e-02   1.9511599e-01   2.0728646e-01  -2.6303208e-03  -3.7941351e-03  -3.3153182e-04
   5.8234444e-02   1.7478663e-01   2.0707745e-01  -2.3455690e-03  -3.8210711e-03  -2.8144811e-04
   6.0801941e-02   1.2080031e-01   1.9370825e-01  -1.8201415e-03  -3.9581784e-03  -1.8529530e-04
   4.8149582e-02   2.1254315e-01   2.1476850e-01  -2.6125802e-03  -3.6608215e-03  -2.9434130e-04
   6.2374971e-02   1.3312386e-01   1.6948338e-01  -1.8417138e-03  -4.1499745e-03  -2.5144105e-04
   5.7711766e-02   1.8709086e-01   2.1024512e-01  -2.5650614e-03  -3.8290251e-03  -2.1998369e-04
   6.4667006e-02   1.4880164e-01   2.0229978e-01  -2.2347996e-03  -4.0157468e-03  -1.6066178e-04
   6.8929424e-02   1.5644383e-01   2.1313950e-01  -2.2608754e-03  -4.1714293e-03   1.4721596e-04
   5.6472079e-02   2.0360620e-01   2.2164813e-01  -2.5788396e-03  -3.8878765e-03  -1.3476918e-04
   6.6907011e-02   1.4218343e-01   1.7628140e-01  -1.8323548e-03  -4.3284232e-03   4.1516991e-05
   6.3687421e-02   1.8534571e-01   1.9640783e-01  -2.1887731e-03  -4.2573358e-03  -1.4520847e-04
   6.9777712e-02   1.5249899e-01   1.9664876e-01  -2.0078899e-03  -4.4206321e-03  -1.4280873e-04
   7.3282679e-02   1.4038561e-01   1.9598489e-01  -1.9880332e-03  -4.4980931e-03   1.1611345e-04
   6.6517968e-02   2.2420756e-01   2.2257934e-01  -2.9247103e-03  -4.2154720e-03  -7.1242021e-05
   7.6325904e-02   1.2201740e-01   1.7827163e-01  -1.3325465e-03  -4.5616126e-03   1.6833236e-05
   7.2121892e-02   1.7702426e-01   2.0946802e-01  -2.4726569e-03  -4.4186834e-03  -1.2430529e-04
   7.0604630e-02   1.6794052e-01   2.1544453e-01  -2.2234377e-03  -4.2634543e-03  -1.0764530e-04
   7.4683621e-02   1.2337842e-01   1.9667798e-01  -1.6711227e-03  -4.5896154e-03  -1.4370292e-04
   6.4528620e-02   2.2263223e-01   2.2591355e-01  -2.6650336e-03  -4.3127777e-03  -2.5296620e-04
   6.9894205e-02   1.5151692e-01   1.9643921e-01  -1.9578472e-03  -4.6496981e-03  -2.0079187e-04
   6.9167845e-02   1.8923044e-01   2.2826342e-01  -2.5520630e-03  -4.4795642e-03  -1.6944034e-04
   7.3724735e-02   1.6244165e-01   2.2180269e-01  -2.3168224e-03  -4.5614711e-03   4.1847875e-05
   7.3282955e-02   1.5274571e-01   2.1567999e-01  -2.0163964e-03  -4.6290323e-03   1.7640123e-05
   6.0934160e-02   2.2542291e-01   2.2847540e-01  -2.8210490e-03  -4.4020046e-03  -1.9990645e-04
   6.8627185e-02   1.6061681e-01   1.9963715e-01  -1.6789967e-03  -4.6161634e-03  -1.9858708e-04
   6.1107200e-02   1.5459999e-01   1.9941338e-01  -8.2616816e-04  -4.4243676e-03  -2.2576717e-04
   6.5605628e-02   1.9147540e-01   2.1372474e-01  -1.8725073e-03  -4.6825043e-03  -2.5388499e-04
   6.7027183e-02   1.7832335e-01   2.0415935e-01  -2.2080685e-03  -4.5644731e-03  -3.1166769e-04
   7.0019160e-02   2.1578404e-01   2.1657648e-01  -2.6235675e-03  -4.6835127e-03  -4.4550591e-04
   7.3318378e-02   1.4420684e-01   2.0059697e-01  -2.1201194e-03  -4.8250061e-03  -1.6618988e-04
   7.1357568e-02   1.9144751e-01   2.3764064e-01  -2.3849725e-03  -4.6155224e-03  -9.7576933e-05
   7.5087823e-02   1.4887765e-01   2.1778761e-01  -1.6386127e-03  -4.6506115e-03   7.2273237e-05
   7.7270211e-02   1.9325869e-01   2.1311122e-01  -2.3082654e-03  -4.6166940e-03  -1.0407318e-04
   7.7120239e-02   1.9926396e-01   2.1425902e-01  -2.1217720e-03  -4.7642891e-03   7.9547757e-05
   7.0014934e-02   1.4999695e-01   2.0363262e-01  -1.8289165e-03  -4.6821760e-03   3.6992956e-05
   5.9170768e-02   2.5482791e-01   2.4369311e-01  -2.9173640e-03  -4.4512395e-03   8.3654132e-05
