   0.0000000e+00   0.0000000e+00   0.0000000e+00   0.0000000e+00   0.0000000e+00   3.4694470e-18
  -1.2388155e-02  -2.8526736e-02   2.0746574e-02   7.4437741e-05   6.8160854e-06  -7.8597992e-05
   1.2435270e-03  -5.1168191e-02   5.7924250e-02  -1.0720907e-04  -1.5764579e-04  -2.9029287e-04
  -3.2944772e-03   1.0480684e-01   5.5151123e-02  -1.3223315e-03   3.5718277e-05  -1.5320763e-04
  -6.7208576e-03   4.3491519e-02   1.8243460e-02  -9.4722667e-04  -6.6380174e-05   7.7099223e-05
  -9.4661146e-03   8.8193081e-02   4.8500550e-02  -9.5188695e-04   1.0706829e-04  -3.7497733e-05
   7.5622158e-03   4.8005390e-02   5.3339470e-02  -4.2238241e-04  -3.6628658e-04   3.9071041e-05
   9.2642366e-03   9.9193219e-02   7.0344845e-02  -1.0048770e-03  -3.7246010e-04  -6.0864539e-05
   8.3922912e-03   1.0601407e-01   8.0193000e-02  -1.3735885e-03  -3.8775627e-04  -5.0082733e-05
   9.4654592e-03   7.2262342e-02   4.3172234e-02  -1.0439814e-03  -5.0764051e-04   5.7380085e-06
   7.8715178e-03   1.4835239e-01   4.9510043e-02  -1.2984754e-03  -6.5705155e-04   2.7636740e-05
   9.7054702e-03   7.9445823e-02   1.8290137e-02  -9.9218306e-04  -8.3147571e-04   2.7810342e-04
   5.9031076e-03   1.1057812e-01   3.6240431e-02  -3.2663425e-04  -7.8394888e-04   2.7744354e-04
   1.4453297e-02   9.5128675e-02   2.5965532e-02  -1.0976541e-03  -8.5742606e-04   6.4765917e-04
   1.8703530e-02   8.0404862e-02   5.4168531e-02  -7.3633016e-04  -8.2662592e-04   5.5550383e-04
   2.4432024e-02   6.0543047e-02   4.2001091e-02  -9.5796024e-05  -1.0485264e-03   6.3639763e-04
   1.9599583e-02   9.9248518e-02   4.3788153e-02  -1.1956657e-03  -8.3195812e-04   8.1491001e-04
   1.5293925e-02   1.1898547e-01   7.2137125e-02  -1.2758655e-03  -7.7446949e-04   8.3914105e-04
   2.1316655e-02   6.1954255e-02   4.4501604e-02  -9.0928570e-04  -9.7733264e-04   9.8200650e-04
   1.3643373e-02   1.2750632e-01   7.2641988e-02  -1.4049602e-03  -6.8283695e-04   1.0591567e-03
   1.9605784e-02   4.9452871e-02   3.3813185e-02  -4.0260632e-04  -8.9549155e-04   1.1675985e-03
   1.4081080e-02   1.1468479e-01   5.5466073e-02  -1.2140732e-03  -7.0910395e-04   1.2570613e-03
   1.3926986e-02   5.7629756e-02   3.8181541e-02  -7.2599607e-04  -7.6577311e-04   1.1550876e-03
   1.8214790e-02   7.1399383e-02   4.8040810e-02  -6.6043376e-04  -9.1110171e-04   1.3126861e-03
   2.1347532e-02   1.2893570e-01   6.2865121e-02  -1.6912296e-03  -1.0173292e-03   1.4651599e-03
   2.4334227e-02   8.0137669e-02   4.4084794e-02  -1.3627373e-03  -1.1841201e-03   1.3406929e-03
   2.2140294e-02   1.4293333e-01   6.5497233e-02  -1.6302883e-03  -1.0988139e-03   1.1103687e-03
   3.1848029e-02   7.3022273e-02   2.3361810e-02  -1.2724453e-03  -1.3502075e-03   1.5471703e-03
   2.8057019e-02   9.9589610e-02   6.1241313e-02  -1.5445470e-03  -1.1749850e-03   1.3400355e-03
   3.0416765e-02   8.7937453e-02   4.1960827e-02  -1.2310409e-03  -1.3655434e-03   1.3400559e-03
   3.1642129e-02   8.0434413e-02   4.0524342e-02  -8.6456303e-04  -1.4388575e-03   1.4476398e-03
   2.8216535e-02   1.2280636e-01   6.8870864e-02  -1.1166552e-03  -1.4672718e-03   1.5185944e-03
   3.2310942e-02   7.2300686e-02   5.0174707e-02  -5.5858912e-04  -1.5817650e-03   1.4864003e-03
   3.2893960e-02   1.3733300e-01   8.1186042e-02  -9.9892350e-04  -1.6098786e-03   1.2658943e-03
   3.8960060e-02   5.0946602e-02   5.3007266e-02  -2.6689681e-04  -1.8411886e-03   1.3639957e-03
   3.6526743e-02   1.4640652e-01   7.3940190e-02  -1.3406687e-03  -1.7554804e-03   1.1978493e-03
   3.8862270e-02   1.0313639e-01   4.5383474e-02  -7.5180768e-04  -1.8893425e-03   1.3249175e-03
   3.5695324e-02   1.2584030e-01   4.8610833e-02  -1.5584288e-03  -1.7766650e-03   1.3262940e-03
   4.2122285e-02   1.2052297e-01   4.3156616e-02  -9.7047641e-04  -1.8537944e-03   1.3473855e-03
   3.3627149e-02   9.0119118e-02   2.3961243e-02  -1.2689016e-03  -1.6927041e-03   1.4479909e-03
   2.6654549e-02   1.5433093e-01   5.8439258e-02  -1.6204218e-03  -1.5395465e-03   1.5164189e-03
   2.9879917e-02   9.4791245e-02   3.7937763e-02  -1.0576885e-03  -1.8032108e-03   1.7044944e-03
   2.4845696e-02   1.2458518e-01   6.5184597e-02  -1.2676636e-03  -1.6675996e-03   1.4331548e-03
   3.2850647e-02   1.4854611e-01   5.5975843e-02  -1.6746027e-03  -1.8574072e-03   1.5107248e-03
   3.2943534e-02   1.3937480e-01   4.1277762e-02  -1.5561039e-03  -1.7917387e-03   1.5427891e-03
   3.2170747e-02   1.7945623e-01   5.6020035e-02  -1.8878877e-03  -1.7488583e-03   1.7261984e-03
   4.0167782e-02   1.1996022e-01   2.4365620e-02  -1.4752660e-03  -1.9223165e-03   1.7024428e-03
   3.0418173e-02   1.6527014e-01   5.0993513e-02  -1.9276880e-03  -1.6294526e-03   1.7780794e-03
   3.7832315e-02   1.1218405e-01   3.0554571e-02  -1.3367828e-03  -1.8859506e-03   1.9409423e-03
   3.0995475e-02   1.6335178e-01   5.8998696e-02  -1.4357959e-03  -1.6384952e-03   1.7550801e-03
   3.9611986e-02   1.0392216e-01   4.3812849e-02  -9.5323887e-04  -1.9834266e-03   1.8399167e-03
   4.0482715e-02   1.5462936e-01   5.6119082e-02  -1.5035419e-03  -1.8912060e-03   1.7000995e-03
   4.1967228e-02   1.5090329e-01   4.6849541e-02  -1.7017602e-03  -1.8669213e-03   1.7988757e-03
   4.3655461e-02   1.2105974e-01   2.1642235e-02  -1.3082961e-03  -1.9808866e-03   1.8387095e-03
   3.7461817e-02   1.4195418e-01   3.6642248e-02  -1.4090857e-03  -1.9318842e-03   1.8806369e-03
   3.1583290e-02   1.1442114e-01   3.3378650e-02  -1.2016105e-03  -1.8608642e-03   1.9174847e-03
   3.6998286e-02   1.1962538e-01   4.9845381e-02  -2.9970755e-04  -2.1581039e-03   1.8674359e-03
   4.5645968e-02   9.7014134e-02   4.4955137e-02  -1.0684288e-03  -2.2699539e-03   2.0280082e-03
   4.1477395e-02   1.8051985e-01   7.7787875e-02  -1.9991075e-03  -1.9764193e-03   1.9375315e-03
   5.1722093e-02   1.1946502e-01   4.4656776e-02  -1.3845099e-03  -2.1208649e-03   2.1295720e-03
   4.2868178e-02   1.4598898e-01   6.1789783e-02  -1.6382142e-03  -1.8710857e-03   2.0470775e-03
   4.5949230e-02   1.1002403e-01   4.5069022e-02  -1.1941098e-03  -2.0574320e-03   2.0693940e-03
   4.5308121e-02   1.1158321e-01   4.4148892e-02  -8.4436138e-04  -2.0962686e-03   2.1273210e-03
   4.5626691e-02   1.4410749e-01   4.4600810e-02  -5.6039058e-04  -2.1614663e-03   2.0417287e-03
   4.8546672e-02   1.2377200e-01   4.4071782e-02  -1.2809053e-03  -2.0510815e-03   2.1993345e-03
   4.4941970e-02   1.8131496e-01   5.2619299e-02  -1.5236683e-03  -1.9973022e-03   2.0950035e-03
   4.0269197e-02   1.1250566e-01   3.4622396e-02  -8.8197233e-04  -2.0570860e-03   2.3187076e-03
   3.9684455e-02   1.4285606e-01   6.7670169e-02  -9.9156498e-04  -2.0503254e-03   2.1945313e-03
   4.9056058e-02   1.4102865e-01   4.7430362e-02  -1.3966654e-03  -2.2794942e-03   2.3507468e-03
   4.6775593e-02   1.5326284e-01   4.8395645e-02  -1.5398836e-03  -2.0796223e-03   2.2657874e-03
   5.0856788e-02   1.4743081e-01   4.5514932e-02  -1.1868298e-03  -2.2611524e-03   2.2536223e-03
   4.5635688e-02   1.0495100e-01   2.6187365e-02  -5.6981281e-04  -2.2477392e-03   2.3715113e-03
   4.0731137e-02   1.6344337e-01   6.0538189e-02  -7.2750052e-04  -2.1769454e-03   2.1805556e-03
   4.4035275e-02   1.2433647e-01   5.2119566e-02  -7.8007034e-04  -2.3671976e-03   2.2510034e-03
   5.0223531e-02   8.7783345e-02   8.2946979e-02  -2.8251332e-04  -2.3825425e-03   1.8371510e-03
   4.6381646e-02   1.4359712e-01   4.4122461e-02  -1.0224765e-03  -2.4182766e-03   2.2524991e-03
   4.6445150e-02   1.5734086e-01   6.2411419e-02  -1.5086486e-03  -2.2618121e-03   2.1699803e-03
   4.8313594e-02   1.4458792e-01   5.6397688e-02  -1.2640537e-03  -2.3827083e-03   2.1528604e-03
   4.3747748e-02   9.7025441e-02   4.5669885e-02  -7.5908234e-04  -2.4524011e-03   2.2874888e-03
   4.1414301e-02   2.0491985e-01   9.4292256e-02  -1.8349292e-03  -2.4316328e-03   2.3067494e-03
   4.8336993e-02   1.0823247e-01   5.8340291e-02  -8.7890342e-04  -2.4612260e-03   2.3392956e-03
   4.3868887e-02   1.6451213e-01   7.8310439e-02  -1.3097482e-03  -2.2134271e-03   2.3966295e-03
   5.3797711e-02   1.0457474e-01   4.8383453e-02  -5.2990086e-04  -2.4688199e-03   2.4132286e-03
   5.6559697e-02   1.5666674e-01   6.5945600e-02  -1.0649634e-03  -2.4480279e-03   2.3793613e-03
   5.7377908e-02   1.2053088e-01   4.9059106e-02  -3.0727393e-04  -2.5846116e-03   2.4696272e-03
   4.9844363e-02   1.1946209e-01   5.6008265e-02  -9.4266406e-04  -2.4688150e-03   2.6103457e-03
   4.4875038e-02   1.5035425e-01   7.8593034e-02  -1.0995988e-03  -2.4871751e-03   2.5047287e-03
   4.6073162e-02   8.5648442e-02   6.0141897e-02  -4.0679341e-04  -2.4931883e-03   2.6182400e-03
   4.5237161e-02   1.7736693e-01   9.0757425e-02  -1.3970327e-03  -2.5294949e-03   2.5768159e-03
   5.0443698e-02   1.0922222e-01   6.2600945e-02  -8.0032001e-04  -2.5743089e-03   2.6119724e-03
   4.7245404e-02   1.7486877e-01   7.9456596e-02  -1.3910406e-03  -2.3481907e-03   2.4450563e-03
   5.0288631e-02   1.1045180e-01   5.3512016e-02  -9.4405319e-04  -2.4001379e-03   2.6361609e-03
   4.7356147e-02   1.3897055e-01   7.2581415e-02  -1.1393098e-03  -2.3054267e-03   2.5974669e-03
   4.8525555e-02   1.1364784e-01   6.7847426e-02  -8.5156976e-04  -2.4658691e-03   2.6997924e-03
   5.1168111e-02   1.2093154e-01   8.0304565e-02  -9.3735636e-04  -2.5530623e-03   2.6703043e-03
   4.7436401e-02   1.8351893e-01   9.2881901e-02  -1.8312752e-03  -2.4115725e-03   2.6312631e-03
   5.1683067e-02   1.2721811e-01   5.1661883e-02  -1.2919640e-03  -2.5214811e-03   2.5797710e-03
   3.9890049e-02   1.7080158e-01   8.2577976e-02  -1.7558719e-03  -2.3678023e-03   2.5598586e-03
   4.4926185e-02   1.1101139e-01   4.8728489e-02  -1.0066436e-03  -2.5424212e-03   2.6207719e-03
   4.5210201e-02   1.6945277e-01   9.1355405e-02  -1.3623509e-03  -2.4087357e-03   2.5368835e-03
   5.3968183e-02   9.3740368e-02   7.2522034e-02  -5.2925150e-04  -2.5909034e-03   2.6236511e-03
   5.9465444e-02   1.7681569e-01   9.5339223e-02  -1.3890495e-03  -2.4829426e-03   2.5506875e-03
   6.0382508e-02   1.3592638e-01   7.2641150e-02  -1.0396204e-03  -2.5319900e-03   2.5426230e-03
   5.4020676e-02   1.6067574e-01   7.1992686e-02  -1.2416035e-03  -2.4229143e-03   2.5549053e-03
   4.7652841e-02   1.6795028e-01   6.7328555e-02  -1.1708478e-03  -2.4043714e-03   2.5965030e-03
   5.2872728e-02   1.3580750e-01   4.9511667e-02  -5.4350207e-04  -2.5136543e-03   2.6383979e-03
   5.7998520e-02   2.1281382e-01   8.2553670e-02  -1.5633975e-03  -2.5670130e-03   2.5742868e-03
   6.2166705e-02   1.4759961e-01   5.4714390e-02  -1.1859703e-03  -2.5935068e-03   2.8052261e-03
   5.1946169e-02   1.8352023e-01   7.8077794e-02  -1.3365003e-03  -2.4064081e-03   2.7900880e-03
   5.6077237e-02   1.6856866e-01   6.7004000e-02  -1.3653202e-03  -2.6245499e-03   2.9694886e-03
   5.2362975e-02   1.3126309e-01   6.8444045e-02  -5.9241880e-04  -2.5676726e-03   2.9183623e-03
   5.4707737e-02   1.9562453e-01   9.8876312e-02  -1.1480695e-03  -2.6178585e-03   2.7901052e-03
   6.2495804e-02   1.4483119e-01   6.5488166e-02  -8.4441207e-04  -2.7475581e-03   2.8173525e-03
   5.6821644e-02   1.9192856e-01   6.9481024e-02  -1.3787262e-03  -2.6344675e-03   2.7403903e-03
   5.1746091e-02   1.0335536e-01   6.9793953e-02  -5.7122995e-04  -2.6338711e-03   2.4095391e-03
   5.4119676e-02   1.8419498e-01   9.7566072e-02  -9.6618772e-04  -2.8362650e-03   2.6559978e-03
   4.9296242e-02   1.8718786e-01   9.2433347e-02  -1.1975175e-03  -2.6630413e-03   2.6501457e-03
   5.7001768e-02   1.1721619e-01   6.0878152e-02  -6.0385473e-04  -2.7413924e-03   2.7798868e-03
   5.4639144e-02   1.8982892e-01   9.6057301e-02  -1.2391386e-03  -2.6248673e-03   2.7008257e-03
   6.2426862e-02   1.0842504e-01   8.1312560e-02  -4.0387013e-04  -2.8675124e-03   2.8915507e-03
   5.3090320e-02   2.1916137e-01   1.1726751e-01  -1.5325803e-03  -2.6875702e-03   2.7609880e-03
   6.0465456e-02   1.3413677e-01   7.5278139e-02  -7.1753377e-04  -3.0003497e-03   2.6996126e-03
   4.7767087e-02   1.7234884e-01   9.9136790e-02  -1.3601482e-03  -2.6770038e-03   2.6811873e-03
   5.4278961e-02   1.3589376e-01   8.1989479e-02  -8.3431170e-04  -2.8750555e-03   2.7292152e-03
   5.9200002e-02   1.7226457e-01   8.3735467e-02  -1.0138756e-03  -2.7771039e-03   2.8812723e-03
   5.9504920e-02   1.8579223e-01   7.4803418e-02  -7.3905570e-04  -2.7215058e-03   2.7724091e-03
   6.2712623e-02   1.2359219e-01   5.7710385e-02  -9.7171737e-04  -2.8839625e-03   3.0246650e-03
   5.7183808e-02   1.7713317e-01   9.5296967e-02  -1.2980912e-03  -2.8958677e-03   2.7112970e-03
   5.9157935e-02   1.0961142e-01   7.8226061e-02  -4.8685848e-04  -2.9755572e-03   2.8458127e-03
   6.2704673e-02   1.7763524e-01   9.8861404e-02  -1.3328320e-03  -2.9305808e-03   2.8677262e-03
   6.5369807e-02   1.4139781e-01   7.5272318e-02  -6.5373990e-04  -2.9939773e-03   2.8287689e-03
   5.9872311e-02   1.2156388e-01   5.8077377e-02  -6.0810710e-04  -3.0217718e-03   3.0354054e-03
   5.3019335e-02   1.8401532e-01   8.5631481e-02  -1.2139188e-03  -2.8698192e-03   2.9027756e-03
   5.1203965e-02   1.0738272e-01   7.5350123e-02  -6.2094897e-04  -2.8882819e-03   2.9957924e-03
   5.6606186e-02   2.0552744e-01   1.1055948e-01  -1.3005095e-03  -2.9212158e-03   2.8436545e-03
   5.4034890e-02   1.6316932e-01   8.4758204e-02  -1.1393819e-03  -2.7217347e-03   2.8153677e-03
   5.5643490e-02   1.6628387e-01   7.5695000e-02  -1.0895412e-03  -2.8122506e-03   2.7667497e-03
   5.4919813e-02   2.0153499e-01   9.5752780e-02  -1.2215509e-03  -2.9326966e-03   2.8105200e-03
   5.9184581e-02   1.3447640e-01   9.7958220e-02  -4.1049103e-04  -3.0401319e-03   2.7477162e-03
   6.0293873e-02   2.0772887e-01   1.3562373e-01  -1.1173265e-03  -3.0501120e-03   2.6139488e-03
   6.2650313e-02   1.6353865e-01   1.1457983e-01  -1.1534366e-03  -3.0733507e-03   2.7196838e-03
   5.7868326e-02   2.0860559e-01   1.2644581e-01  -1.4020480e-03  -2.9027982e-03   2.6674007e-03
   6.3893977e-02   1.5480712e-01   1.1033789e-01  -7.0122223e-04  -3.1353525e-03   2.7958279e-03
   6.2309952e-02   1.7798924e-01   1.2827361e-01  -1.0251210e-03  -2.8882993e-03   2.8405148e-03
   5.9918591e-02   2.1686424e-01   1.6323433e-01  -1.1722753e-03  -2.8889848e-03   2.6577647e-03
   5.8996450e-02   1.9938209e-01   1.3579554e-01  -1.3573269e-03  -2.9922445e-03   2.6889670e-03
   5.2534558e-02   2.0936682e-01   1.1994755e-01  -1.2768924e-03  -2.9402140e-03   2.5901847e-03
   4.8062677e-02   2.2266822e-01   1.2985059e-01  -1.3915654e-03  -2.9464473e-03   2.7488552e-03
   5.5699990e-02   1.7074952e-01   1.1174080e-01  -5.1954351e-04  -3.1226369e-03   2.7000416e-03
   6.0206038e-02   2.1909768e-01   1.6278939e-01  -1.0155342e-03  -3.0857383e-03   2.5901452e-03
   7.1379077e-02   2.2350589e-01   1.3839193e-01  -1.4002005e-03  -3.2397845e-03   2.9797168e-03
   5.4539788e-02   1.9479970e-01   1.2514388e-01  -1.3715722e-03  -2.6437263e-03   2.6108708e-03
   4.7692077e-02   2.4124590e-01   1.4867988e-01  -1.8703087e-03  -2.5729801e-03   2.7616489e-03
   4.7940177e-02   1.6475093e-01   1.2304985e-01  -1.3050601e-03  -2.5903617e-03   2.8620873e-03
   5.6202892e-02   2.4048191e-01   1.5903967e-01  -1.8220414e-03  -2.6620768e-03   2.7509827e-03
   5.7905891e-02   1.6214045e-01   1.2495010e-01  -1.0049686e-03  -2.6391300e-03   2.9228725e-03
   5.5346760e-02   2.2306066e-01   1.6338034e-01  -1.4633557e-03  -2.6821759e-03   2.8385753e-03
   5.8430673e-02   1.8736166e-01   1.5377151e-01  -1.5522361e-03  -2.7783697e-03   2.8546325e-03
   5.9188815e-02   2.0630630e-01   1.6369572e-01  -1.6396666e-03  -2.8674153e-03   2.9003683e-03
   5.7546978e-02   2.2735720e-01   1.5910705e-01  -1.5133387e-03  -2.9025489e-03   2.7662638e-03
   5.4027171e-02   1.8599212e-01   1.4192949e-01  -1.0436128e-03  -2.9240973e-03   2.9320238e-03
   5.8072525e-02   2.1022200e-01   1.6297522e-01  -6.0529297e-04  -2.9629343e-03   2.9424559e-03
   6.2423666e-02   1.6539774e-01   1.6319705e-01  -3.3453680e-04  -3.0176338e-03   2.8844548e-03
   5.6933305e-02   2.6665849e-01   1.8930485e-01  -1.4596881e-03  -2.7427608e-03   2.8157228e-03
   6.4879222e-02   1.8921038e-01   1.5565519e-01  -7.2377224e-04  -3.0200703e-03   2.8509540e-03
   5.2872004e-02   2.3609046e-01   1.7095733e-01  -1.1999026e-03  -2.7972271e-03   2.8388274e-03
   5.8337295e-02   1.6510328e-01   1.3293649e-01   1.4160845e-04  -3.0901962e-03   2.9024533e-03
   5.5491306e-02   2.0350331e-01   1.5743547e-01  -5.7880153e-04  -3.0071576e-03   2.9223883e-03
   5.1905992e-02   2.4255063e-01   1.6541507e-01  -1.2127717e-03  -2.9501875e-03   2.8756186e-03
   6.5472181e-02   1.8307188e-01   1.2839395e-01  -6.9855169e-04  -3.1178408e-03   2.8603276e-03
   5.9722419e-02   2.2680636e-01   1.5531092e-01  -1.0358695e-03  -2.9288591e-03   2.8738244e-03
   6.2051659e-02   1.7539594e-01   1.4436777e-01  -4.7078992e-04  -2.8960300e-03   2.9243452e-03
   6.3256741e-02   2.3878697e-01   1.8058471e-01  -8.3751819e-04  -2.9107687e-03   2.8555412e-03
   6.2671992e-02   2.0989451e-01   1.6343660e-01  -9.0286602e-04  -2.8854707e-03   2.9923862e-03
   5.9094765e-02   2.2500314e-01   1.6966119e-01  -1.0006092e-03  -2.8403963e-03   2.9260687e-03
   6.0198113e-02   2.0730215e-01   1.7049279e-01  -9.1593899e-04  -2.9154871e-03   2.9869937e-03
   6.2583167e-02   1.6847123e-01   1.5478603e-01  -2.8796764e-04  -3.0917062e-03   3.0533525e-03
   6.3876779e-02   2.5644533e-01   1.8575301e-01  -1.2441678e-03  -3.0534646e-03   2.9564673e-03
   6.9416640e-02   1.7730205e-01   1.4509967e-01  -6.6486718e-04  -3.1625367e-03   2.9465528e-03
   6.1317732e-02   2.2748214e-01   1.7120355e-01  -9.6196897e-04  -3.0066200e-03   3.0110010e-03
   6.9079962e-02   1.9285913e-01   1.6800766e-01  -6.8392498e-04  -3.2551608e-03   2.9680508e-03
   7.0534096e-02   1.7382625e-01   1.7338618e-01  -3.7489256e-04  -3.2908755e-03   3.0634250e-03
   6.6236762e-02   2.2353608e-01   1.8378731e-01  -9.2252622e-04  -3.1872748e-03   3.1272863e-03
   6.7394844e-02   1.4805141e-01   2.0266472e-01   5.0778842e-05  -3.0906833e-03   2.5177532e-03
   7.2052740e-02   2.2966617e-01   1.9947988e-01  -6.6024303e-04  -3.2326688e-03   2.8941199e-03
   6.4125003e-02   2.3298901e-01   2.0511377e-01  -9.1602487e-04  -2.9722123e-03   2.8589035e-03
   6.8303284e-02   2.3143358e-01   1.9633019e-01  -8.2767351e-04  -3.1021422e-03   2.8562147e-03
   6.2200540e-02   1.7348152e-01   1.7859956e-01   5.2316859e-05  -3.0776380e-03   3.1437554e-03
   6.6261817e-02   2.3767232e-01   2.2633150e-01  -4.2157282e-04  -3.2226111e-03   3.0882789e-03
   6.6679735e-02   2.0090986e-01   2.1268974e-01  -3.6901683e-04  -3.1036040e-03   3.0782881e-03
   6.6110257e-02   2.6378976e-01   2.3268059e-01  -8.6484141e-04  -2.9596948e-03   2.9680547e-03
   6.8527989e-02   1.9338513e-01   2.0395340e-01  -3.4903650e-04  -2.9350950e-03   3.1058537e-03
   7.2064886e-02   2.2255067e-01   2.2901684e-01  -2.4523054e-04  -3.0069085e-03   3.0202191e-03
   7.1732958e-02   2.0696359e-01   2.0512673e-01   2.4096368e-04  -3.0760305e-03   3.1684652e-03
   7.1681864e-02   2.0623309e-01   2.0155189e-01  -2.4768447e-04  -3.0219808e-03   3.0083399e-03
   6.7660332e-02   2.0475054e-01   2.1289456e-01  -1.3852452e-04  -2.9994397e-03   3.1155066e-03
   7.0323523e-02   1.6328828e-01   1.9486016e-01   3.3947264e-04  -3.1862931e-03   3.0250787e-03
   6.2687837e-02   2.6268744e-01   2.2293084e-01  -8.0439254e-04  -3.0446507e-03   2.9495432e-03
   6.6163324e-02   1.7558652e-01   1.8262928e-01   1.2482442e-04  -3.2164460e-03   3.0661513e-03
   6.3479968e-02   2.2062143e-01   2.1281330e-01  -1.6871522e-04  -3.0987626e-03   2.9659976e-03
   6.5635288e-02   1.8156622e-01   1.9296232e-01   5.9480612e-04  -3.3024519e-03   2.9975336e-03
   7.1210682e-02   2.0075391e-01   1.9187192e-01  -2.3698438e-04  -3.3901415e-03   2.8173527e-03
   5.9350153e-02   2.3835293e-01   2.1460365e-01  -3.9074579e-04  -3.2908796e-03   2.6612365e-03
   5.9398210e-02   1.7191685e-01   1.8659440e-01   6.7859163e-04  -3.3083646e-03   2.6172942e-03
   6.4329706e-02   2.3780284e-01   2.3461122e-01  -2.8957414e-04  -3.3067724e-03   2.6367716e-03
   6.8576030e-02   2.0453538e-01   2.0143648e-01  -1.0055560e-04  -3.3252301e-03   2.7379500e-03
   7.2532819e-02   2.1431564e-01   2.0595263e-01  -4.3486960e-04  -3.3473303e-03   2.6828874e-03
   6.6874353e-02   2.1981666e-01   2.2531288e-01  -4.5406060e-04  -3.2959473e-03   2.7528166e-03
   6.7201472e-02   1.7858067e-01   2.0368764e-01   3.9903048e-04  -3.4377842e-03   2.8107045e-03
   6.9044863e-02   2.5669482e-01   2.3855411e-01  -2.8040294e-04  -3.5730665e-03   2.6601835e-03
   6.6173471e-02   2.0887849e-01   2.1621860e-01  -2.2119090e-04  -3.2055471e-03   2.5962940e-03
   7.6540159e-02   2.4868207e-01   2.4959900e-01  -4.8792597e-04  -3.2201778e-03   2.5291768e-03
   7.2009800e-02   1.7817845e-01   2.1867889e-01   1.2950979e-04  -3.1690525e-03   2.6422533e-03
   7.4982678e-02   2.4510978e-01   2.5519591e-01  -2.0829349e-04  -3.2151450e-03   2.5041247e-03
   7.7384473e-02   1.6549581e-01   2.2709550e-01   5.1034377e-04  -3.3537192e-03   2.6408810e-03
   8.0374225e-02   2.5176824e-01   2.6088682e-01  -2.0425435e-04  -3.3234278e-03   2.5596758e-03
   8.0431387e-02   2.0178562e-01   2.2534285e-01   2.4253265e-05  -3.4205413e-03   2.7343193e-03
   7.9145543e-02   2.4847563e-01   2.3645879e-01  -5.0188112e-04  -3.3196786e-03   2.5177106e-03
   8.1322018e-02   1.8923759e-01   2.0571505e-01  -1.0132869e-04  -3.4162130e-03   2.7043636e-03
   7.3076116e-02   2.3055002e-01   2.1664261e-01  -3.1654868e-04  -3.2461631e-03   2.6409457e-03
   8.0931456e-02   1.7035055e-01   2.0078711e-01   8.3776264e-04  -3.3775354e-03   2.8652127e-03
   7.9177057e-02   2.1092066e-01   2.2799567e-01   4.1684456e-04  -3.1797905e-03   2.7249318e-03
   9.1834737e-02   1.8147879e-01   2.1412019e-01   7.5264794e-04  -3.5584578e-03   2.8549900e-03
   8.6326561e-02   2.3269215e-01   2.1268778e-01  -3.0549214e-04  -3.4039229e-03   2.8249044e-03
   9.0654933e-02   2.2313775e-01   2.1782905e-01  -1.3225402e-04  -3.5139782e-03   2.7539955e-03
   8.0292438e-02   1.8829440e-01   2.0995065e-01  -1.4752435e-04  -3.3639764e-03   2.7606970e-03
   8.5909570e-02   2.2699346e-01   2.3904275e-01  -1.5461871e-04  -3.5469756e-03   2.6567577e-03
   8.5955487e-02   1.5223423e-01   2.1004881e-01   6.3052343e-04  -3.5544598e-03   2.9096643e-03
   8.8258927e-02   2.3773167e-01   2.4169317e-01  -1.3970157e-04  -3.6002461e-03   2.7997922e-03
   8.4577466e-02   1.9337457e-01   2.1168585e-01   1.1694405e-04  -3.4736154e-03   2.8787326e-03
   8.3816942e-02   2.4017453e-01   2.3247714e-01  -2.7218463e-04  -3.3754826e-03   2.7114367e-03
   8.5412043e-02   1.9199681e-01   2.0254356e-01  -7.8644913e-05  -3.4207680e-03   2.8919799e-03
   8.0200866e-02   2.1652257e-01   2.1237482e-01  -1.0398906e-04  -3.3334130e-03   2.7788976e-03
   8.5593332e-02   1.9638421e-01   2.0700752e-01   1.2970333e-04  -3.5502304e-03   2.7727707e-03
   8.3927467e-02   2.0316044e-01   2.1773105e-01   1.8782892e-04  -3.5368414e-03   2.7244970e-03
   8.7429586e-02   2.3144094e-01   2.3032357e-01  -3.4911293e-04  -3.6143581e-03   2.7111226e-03
   8.4388690e-02   2.0704872e-01   2.0596240e-01  -1.7059163e-04  -3.4672880e-03   2.7152127e-03
   8.7702499e-02   2.4782827e-01   2.3355431e-01  -5.0195864e-04  -3.5086125e-03   2.5579751e-03
   8.6219157e-02   1.8440594e-01   2.0025966e-01  -1.7158625e-04  -3.4373975e-03   2.8371632e-03
   8.2218092e-02   2.2901253e-01   2.2893166e-01  -4.2920409e-04  -3.3305591e-03   2.6735064e-03
   9.4599520e-02   1.9190096e-01   2.0886645e-01   2.1845281e-04  -3.5813494e-03   2.7812410e-03
   9.1882396e-02   1.7905482e-01   2.1088303e-01   1.7416827e-05  -3.5859581e-03   2.8568162e-03
   9.1528253e-02   2.3388556e-01   2.3901121e-01  -5.8685721e-05  -3.6808824e-03   2.5899116e-03
   9.5965887e-02   1.8582872e-01   2.1037416e-01   5.7301695e-05  -3.8443842e-03   2.6437105e-03
   8.5277264e-02   2.4984090e-01   2.4094861e-01  -5.7601966e-04  -3.5491819e-03   2.6816117e-03
   9.1023985e-02   2.0436846e-01   2.1747428e-01  -9.3875802e-06  -3.6661609e-03   2.6342492e-03
   8.7016213e-02   1.9932141e-01   1.9843929e-01  -8.6702793e-05  -3.5925808e-03   2.8419794e-03
   9.2854224e-02   2.1974791e-01   2.0929036e-01  -2.5020920e-05  -3.6523152e-03   2.6679311e-03
   9.4627509e-02   1.6104436e-01   1.8970580e-01   6.3984940e-04  -3.7293265e-03   2.7706972e-03
   9.7797372e-02   2.1929570e-01   2.3131095e-01   4.5956558e-04  -3.7890411e-03   2.6535863e-03
   9.7231784e-02   1.7382200e-01   2.0438300e-01   6.5484851e-04  -3.8515090e-03   2.8689903e-03
   8.7147398e-02   2.5030442e-01   2.3734237e-01   6.4675748e-05  -3.5903266e-03   2.6864333e-03
   9.0271089e-02   1.8090951e-01   1.9262562e-01   5.0954978e-04  -3.7441731e-03   2.6480557e-03
   8.4032028e-02   2.0763874e-01   2.0288728e-01   1.3348487e-04  -3.6300076e-03   2.6904245e-03
   8.2664035e-02   1.8110509e-01   1.9271121e-01   2.4130588e-04  -3.7079200e-03   2.7656115e-03
   7.7475995e-02   1.9126335e-01   2.1157175e-01   2.1577817e-04  -3.5808971e-03   2.7062018e-03
   8.3123141e-02   1.9004873e-01   2.1543913e-01   2.9916621e-04  -3.7301228e-03   2.7628293e-03
   8.4135803e-02   1.7285185e-01   2.0492278e-01   5.3087606e-04  -3.7180579e-03   2.8614376e-03
   8.9778073e-02   2.2500284e-01   2.3984628e-01   2.9494178e-04  -3.7955494e-03   2.6470551e-03
   9.2204704e-02   1.6535351e-01   2.1174897e-01   5.8655199e-04  -3.8108219e-03   2.7095111e-03
   9.1880880e-02   2.3990099e-01   2.3789510e-01  -2.4081884e-04  -3.6795055e-03   2.6980074e-03
   9.4383579e-02   1.8803421e-01   2.0328315e-01   1.3037988e-04  -3.7444078e-03   2.7382145e-03
   9.3469795e-02   2.0168065e-01   1.9693668e-01  -2.9361007e-05  -3.8171490e-03   2.8102251e-03
   9.1126458e-02   2.1033855e-01   1.9959355e-01   8.2085967e-05  -3.8864441e-03   2.7212555e-03
   8.8558115e-02   1.5862528e-01   1.8819212e-01   6.4969069e-04  -3.8489377e-03   2.8809978e-03
   9.8242663e-02   2.2269964e-01   2.2541525e-01   4.1169050e-04  -4.0835210e-03   2.5757297e-03
   9.4300315e-02   1.7317268e-01   1.9914112e-01   4.4551183e-04  -3.9366012e-03   2.7095936e-03
   9.3170214e-02   2.5716712e-01   2.2190679e-01  -4.8829212e-04  -3.9533866e-03   2.5899592e-03
   9.4170910e-02   9.7800758e-02   2.1358949e-01   1.5578441e-03  -3.8854339e-03   2.1148085e-03
   8.6658218e-02   2.9021396e-01   2.1279521e-01  -1.0358298e-03  -3.8597267e-03   2.4061050e-03
   8.5968558e-02   1.7573840e-01   1.8249699e-01   3.4155268e-05  -3.8714414e-03   2.5183637e-03
   8.6328253e-02   2.0195487e-01   2.0859496e-01   1.6803211e-04  -3.9513656e-03   2.6899608e-03
   7.9501049e-02   2.2005029e-01   2.1404443e-01  -1.9797724e-04  -3.9135603e-03   2.6780407e-03
   8.2761165e-02   1.7480609e-01   1.8573885e-01   2.0367779e-04  -3.8464617e-03   2.3977266e-03
   7.9144521e-02   1.9874157e-01   2.0571179e-01  -1.3626951e-05  -3.8046679e-03   2.6694993e-03
   8.2754590e-02   1.5878854e-01   1.8554095e-01   3.5344210e-04  -3.9910486e-03   2.7690951e-03
   7.4903173e-02   2.4172368e-01   2.1135461e-01  -3.9862495e-04  -3.8221686e-03   2.5167775e-03
   8.3837624e-02   1.4884512e-01   1.8276109e-01   2.5448912e-04  -3.9939947e-03   2.6587117e-03
   8.4607273e-02   2.1104608e-01   2.3079511e-01  -2.0735272e-04  -3.9207505e-03   2.6231975e-03
   9.4378771e-02   1.3054175e-01   2.1236541e-01   7.1331208e-04  -4.2821763e-03   2.7742571e-03
   8.8508318e-02   2.1627139e-01   2.3367600e-01  -4.4427671e-04  -4.0517876e-03   2.6104338e-03
   9.4828869e-02   1.9519699e-01   2.1703642e-01  -9.9925251e-05  -4.2162602e-03   2.6505566e-03
   9.0071751e-02   1.7564796e-01   2.0620197e-01   1.5339806e-04  -4.1742150e-03   2.6280821e-03
