   0.0000000e+00   0.0000000e+00   0.0000000e+00   0.0000000e+00  -3.4694470e-18   1.7347235e-18
  -8.4985196e-03   6.5329950e-02   3.5258037e-02  -3.6945180e-04   1.8696077e-04   1.1110454e-05
  -8.5948136e-03   7.0931782e-02   3.3571535e-02  -5.1404878e-04   2.4846619e-04   4.5558066e-05
  -1.0026754e-02   9.4966371e-02   4.3678936e-02  -4.8436397e-04   1.9217681e-04  -4.5235997e-05
  -8.8796531e-03   5.7662305e-02   1.8364738e-02  -8.0149472e-05   8.7116208e-05   6.7158795e-05
  -6.4029246e-03   9.1852086e-02   4.4937159e-02  -2.3251682e-04   5.4669151e-05   5.2480746e-05
  -1.5995464e-02   4.8738775e-02   2.3575368e-02   1.3775305e-04   1.2261201e-04   3.6735777e-04
  -1.6792326e-02   9.2828746e-02   6.8620409e-02   1.4269414e-04   1.0770210e-04   2.6245929e-04
  -1.0778853e-02   2.5865436e-02   3.9312801e-02   7.7889697e-04  -5.1624719e-05   3.6140986e-04
  -3.6581454e-03   7.1805837e-02   6.6808495e-02   3.1597243e-04  -2.2926472e-04   2.9753977e-04
  -7.5325214e-03   8.8794346e-02   6.8742654e-02  -2.9612851e-05  -1.8235896e-04   3.4570247e-04
  -4.6760029e-03   6.1429715e-02   4.9018389e-02   1.8975553e-04  -1.6664395e-04   6.1894407e-04
  -2.4427043e-03   8.2881425e-02   3.9418192e-02   8.3826689e-04  -3.6360746e-04   7.1836029e-04
   3.0519767e-03   5.3881238e-02   1.4030403e-02   3.6677523e-04  -6.7363328e-04   9.9738851e-04
  -2.9610981e-03   9.7273560e-02   5.3575774e-02  -6.1516728e-05  -6.0142992e-04   8.5631899e-04
   6.5619839e-05   1.5199616e-02   3.0047064e-02   7.8949253e-04  -7.7436511e-04   9.9284559e-04
   3.6436553e-03   6.0447528e-02   6.7629584e-02   5.7895359e-04  -7.5566322e-04   9.4259297e-04
   6.2886813e-03   6.2373066e-02   4.8878807e-02   1.6877162e-04  -7.9747162e-04   1.0566318e-03
   1.2457008e-02   3.8382278e-02   1.5278345e-02   8.2934631e-04  -9.7801516e-04   1.1646324e-03
   1.1137654e-02   9.0673127e-02   5.7845931e-02   4.4459590e-04  -1.0178453e-03   1.0117612e-03
   2.6101697e-03  -6.3169613e-03   4.1395926e-02   1.0373554e-03  -8.5641207e-04   1.3009004e-03
  -1.3235457e-03   8.2293191e-02   5.9065515e-02   3.4626252e-04  -7.2125610e-04   9.8116595e-04
   1.6603368e-02   5.9023948e-03  -8.4327549e-04   1.4532946e-03  -1.1771788e-03   8.4903005e-04
   7.0530206e-03   5.5531167e-02   3.9678379e-02   1.3094136e-03  -1.0172972e-03   1.0686651e-03
   1.4709037e-02   4.8148826e-02   4.5732929e-02   8.7395197e-04  -1.2424329e-03   1.2834248e-03
   1.4276675e-02   4.6311280e-02   4.8457462e-02   8.2693575e-04  -1.1442538e-03   1.2925483e-03
   2.0379728e-02   4.0759636e-02   4.5220137e-02   9.3423701e-04  -1.4452364e-03   1.2838363e-03
   1.6342318e-02  -8.0907087e-03   2.8549398e-02   1.6520615e-03  -1.4222472e-03   1.3080236e-03
   1.0635706e-02   6.4742955e-02   6.4129610e-02   1.0558418e-03  -1.3602496e-03   1.2499978e-03
   1.5137335e-02  -2.9193782e-02   3.6368735e-02   2.0881563e-03  -1.4348554e-03   1.6692153e-03
   9.8840379e-03   6.9186992e-02   7.3741848e-02   9.3981090e-04  -1.2780206e-03   1.4600261e-03
   9.0981686e-03   3.5216188e-02   2.6835012e-02   1.1759991e-03  -1.3129424e-03   1.4438338e-03
   1.0820555e-02   3.2128749e-02   1.2592166e-03   1.4891337e-03  -1.4005838e-03   1.3641102e-03
   1.6271650e-02   5.2480396e-02   1.2187926e-02   9.5531452e-04  -1.5794139e-03   1.5577823e-03
   1.5031376e-02   1.2285779e-02   1.0256064e-02   1.3905400e-03  -1.5497398e-03   1.8795173e-03
   1.5204157e-02   5.0835020e-02   3.6118778e-02   9.8993687e-04  -1.6647632e-03   1.7892676e-03
   1.6614258e-02   9.8826663e-03   3.2721750e-02   1.2735252e-03  -1.6329172e-03   1.7973222e-03
   1.4746837e-02   7.3346966e-02   5.1801197e-02   8.0384633e-04  -1.6761998e-03   1.7718852e-03
   1.1459375e-02   2.8031648e-02   2.6384281e-02   9.2648621e-04  -1.4251590e-03   2.0612876e-03
   1.9850919e-02   9.3045457e-02   3.2293283e-02   3.7604541e-04  -1.4732395e-03   1.7936183e-03
   2.0401696e-02  -9.3677123e-03  -1.0602558e-02   1.7900838e-03  -1.5559430e-03   2.0564538e-03
   1.9504109e-02   5.0136143e-02   1.1167356e-02   1.1119257e-03  -1.5875039e-03   1.8218568e-03
   1.5016685e-02   1.9398478e-02   4.8711413e-03   8.8461913e-04  -1.5744162e-03   2.0038716e-03
   2.0955203e-02   3.5107356e-02   1.8669605e-02   9.4514885e-04  -1.7429451e-03   1.9935295e-03
   1.3840128e-02   7.0350603e-02   1.5432284e-02   1.0183142e-03  -1.7329256e-03   2.0495932e-03
   1.9558397e-02   1.6786856e-02  -1.0040289e-02   1.6571522e-03  -1.7481318e-03   2.0250774e-03
   1.8573332e-02   8.7468824e-02   1.2718319e-02   3.9411220e-04  -1.8376763e-03   2.1154909e-03
   9.5190901e-03   2.7665295e-02  -5.9107898e-04   8.2887787e-04  -1.6319572e-03   2.1941738e-03
  -1.8089246e-03  -2.4327183e-02   4.3664058e-02   2.2663940e-03  -1.1120753e-03   1.5793872e-03
  -3.0321231e-03   1.4423705e-01   1.0043843e-01   3.3791993e-04  -1.0659877e-03   1.7192113e-03
  -8.9023581e-03   7.1683325e-02   6.0705327e-02   6.2651238e-04  -9.1661011e-04   1.8305202e-03
   2.1568074e-03   3.4664650e-02   4.6844018e-02   2.1433875e-03  -1.1773894e-03   1.8103076e-03
  -4.4423390e-03   3.5386464e-02   3.6547109e-02   1.3490555e-03  -9.8493849e-04   2.0273040e-03
   1.1527868e-03   1.1763084e-01   7.8062883e-02   2.0332365e-04  -8.9973745e-04   1.8909023e-03
   2.6100576e-03   2.4838472e-02   4.8105079e-02   9.0699155e-04  -9.7032786e-04   2.1577089e-03
  -1.0919462e-03   9.6301244e-02   8.8800719e-02   3.0741336e-04  -9.5366685e-04   1.7841237e-03
  -1.9720181e-03   1.2549210e-02   3.6452216e-02   1.8454284e-03  -1.1062239e-03   2.1474769e-03
  -5.2056647e-03   1.3924391e-01   6.0826121e-02   4.2805360e-05  -9.5686989e-04   2.0002439e-03
  -2.3627863e-03   3.8772419e-02   2.3676285e-02   8.9797461e-04  -1.0565619e-03   2.0655954e-03
   2.5832922e-03   8.3992595e-02   5.3635163e-02   6.5582258e-04  -9.5902919e-04   1.9401203e-03
   3.2128883e-03   5.4023919e-02   3.9242536e-02   6.4408385e-04  -9.8752376e-04   2.2427155e-03
   2.3931137e-03   8.6113877e-02   4.3928817e-02   3.6991189e-04  -9.2862276e-04   1.9863290e-03
   2.3968216e-04   4.3405843e-02   1.7264999e-02   1.5289615e-03  -1.1928362e-03   2.0932649e-03
  -4.0743216e-03   5.5859297e-02   3.2932699e-02   7.5913842e-04  -1.0982662e-03   2.1239829e-03
   2.8770694e-03   7.2150373e-02   5.4569929e-02   7.6651194e-04  -1.3794787e-03   2.1680192e-03
  -2.8798206e-03   6.5368942e-02   3.5522443e-02   6.6259158e-04  -1.0778902e-03   2.1409905e-03
   2.6395867e-03   9.3944570e-02   3.2684268e-02   5.7565585e-04  -1.1900032e-03   2.0430356e-03
   6.7476862e-03   8.6419987e-03   1.7135120e-03   1.4046141e-03  -1.1763284e-03   2.1906676e-03
   9.3979979e-03   1.0156580e-01   5.2580135e-02   5.2877583e-04  -1.2990798e-03   2.2464550e-03
   4.7332397e-03   4.1007315e-02   2.3541226e-02   8.0842803e-04  -1.0798922e-03   2.2702211e-03
   6.8196470e-03   8.8576422e-02   3.7633930e-02   5.9480125e-04  -1.0455409e-03   2.0409397e-03
   2.7609378e-03   5.2893256e-02   1.4445250e-02   8.0015881e-04  -1.1783382e-03   2.0302098e-03
  -3.9495216e-03   3.7801625e-02   2.0461343e-02   1.4282765e-03  -1.2449829e-03   2.1752566e-03
  -9.3565104e-03   7.0115191e-02   1.4877277e-02   2.0565430e-03  -1.1380873e-03   1.9940890e-03
  -7.2040106e-03   4.0637816e-02   7.6185903e-03   1.2882058e-03  -1.2027233e-03   1.9929491e-03
  -8.8162085e-03   9.8416978e-02   4.9677938e-02   7.5470950e-04  -1.1572635e-03   1.9409522e-03
  -1.6911068e-04   5.2179137e-02   3.0824954e-02   1.0675133e-03  -1.2707382e-03   1.9521357e-03
  -1.9792276e-03   9.6571432e-02   3.1859508e-02   4.5063691e-04  -1.1075116e-03   2.0008893e-03
   4.8161602e-03   6.7473420e-02   2.5438076e-02   7.8678950e-04  -1.2801748e-03   1.9611215e-03
   1.8727607e-03   5.4179849e-02   3.3367450e-02   1.0631663e-03  -1.1944598e-03   2.0018031e-03
   3.7759534e-03   8.2414829e-02   5.0653937e-02   1.1699752e-03  -1.3619554e-03   1.8742677e-03
   2.2388873e-04   6.9615428e-02   4.3135662e-02   6.7682181e-04  -1.1078793e-03   1.8910430e-03
   5.6592832e-03   1.0429972e-01   4.9409656e-02   4.1709888e-04  -1.3098417e-03   1.8887648e-03
  -1.9180430e-03   3.9216887e-02   2.2780064e-02   1.0113875e-03  -1.2829434e-03   2.0501091e-03
  -2.6239570e-04   1.2094374e-01   6.7436339e-02   2.6907285e-04  -1.3003040e-03   1.8109519e-03
   8.1895584e-03   4.7758382e-02   2.2277619e-02   8.7204440e-04  -1.5770726e-03   2.0327853e-03
   5.5469873e-03   9.3723047e-02   4.0490327e-02   7.6909937e-04  -1.4713899e-03   2.1038745e-03
   1.1857497e-02   2.1045215e-02   1.6654903e-02   1.8131169e-03  -1.6956228e-03   2.1564901e-03
   4.7226563e-03   1.0918582e-01   5.3384660e-02   3.6328625e-04  -1.3272112e-03   1.9258300e-03
   6.0649509e-03   5.0427309e-02   1.8380015e-02   8.4949740e-04  -1.3336866e-03   1.9423354e-03
   9.1778836e-03   1.0299152e-01   5.1663526e-02   4.8968148e-04  -1.3671658e-03   1.9004932e-03
   3.4248594e-03   2.6865336e-02   3.2895500e-02   1.3306352e-03  -1.3836766e-03   2.1207041e-03
   6.8802420e-03   1.3020420e-01   5.5569300e-02   3.9376761e-04  -1.3672554e-03   1.8349329e-03
   3.7113539e-03   4.1525580e-02   4.7339590e-03   8.7320331e-04  -1.3225185e-03   2.0352086e-03
   7.2692683e-03   8.1709762e-02   3.4345586e-02   9.5331634e-04  -1.2825383e-03   1.6730110e-03
   1.2765416e-02   3.6063213e-02   1.9991113e-02   1.2805068e-03  -1.4049362e-03   1.7935818e-03
   1.2024909e-02   7.6417290e-02   3.8709430e-02   8.4445951e-04  -1.2940095e-03   1.7140146e-03
   8.4444731e-03   3.6203400e-02   2.6460807e-02   2.0337051e-03  -1.4551858e-03   1.8113394e-03
   7.5382007e-03   4.8299487e-02   2.7505048e-02   1.3827960e-03  -1.5191374e-03   1.8706933e-03
   9.1652336e-03   1.0017666e-01   4.5678132e-02   5.4658386e-04  -1.4356830e-03   1.5928880e-03
   1.2612405e-03   3.1748666e-02   1.1820327e-02   1.1201290e-03  -1.3795174e-03   1.8473597e-03
   1.3165134e-02   9.1749932e-02   6.0098196e-02   1.0121147e-03  -1.7073176e-03   1.6155466e-03
   2.7803480e-04   2.8579317e-02   2.4086814e-02   1.5764553e-03  -1.4253473e-03   1.8925701e-03
   7.1479258e-03   8.1565087e-02   6.3730764e-02   1.1499564e-03  -1.4712829e-03   1.7755446e-03
   9.6284621e-03   4.1438312e-02   4.5124541e-02   1.1274116e-03  -1.4390887e-03   1.8450509e-03
   7.5451551e-03   9.6849955e-03   6.6908661e-02   1.9333020e-03  -1.0565182e-03   1.3206717e-03
   2.9521172e-03   7.0152687e-02   1.2586168e-02   8.7626398e-04  -1.2067614e-03   1.7159349e-03
   1.7466666e-03   1.1328595e-01   4.3506811e-02   6.2908459e-04  -1.1052029e-03   1.5040762e-03
   6.3476561e-03   2.6886811e-02   2.0574203e-02   1.9659854e-03  -1.3127419e-03   1.6750704e-03
  -1.4951322e-04   6.3381031e-02   4.8118679e-02   1.0188746e-03  -1.1071944e-03   1.6172385e-03
   1.1500572e-02   4.5314421e-02   6.4439151e-02   1.2467651e-03  -1.4111307e-03   1.4723374e-03
   1.7436891e-03   3.2562107e-02   2.5469445e-02   1.2768287e-03  -1.0226487e-03   1.6327085e-03
   1.1119034e-02   1.1093443e-01   6.6676225e-02   8.3035793e-04  -1.0637087e-03   1.5552112e-03
   1.3937875e-02   3.2338596e-03   2.7467919e-02   1.8499319e-03  -1.1546349e-03   1.8382817e-03
   1.0087171e-02   1.0583531e-01   6.3929420e-02   7.1588087e-04  -9.5197496e-04   1.8068156e-03
   1.3939785e-02   4.0485553e-02   3.4910316e-02   1.3916404e-03  -1.1058259e-03   1.8178153e-03
   5.0081458e-03   3.7215369e-02   3.9874885e-02   1.3970379e-03  -9.9545952e-04   1.9825226e-03
   8.1146919e-03   9.2895608e-02   7.3066967e-02   1.0993858e-03  -1.1365397e-03   1.7547060e-03
   6.3747720e-03  -1.7944064e-02   2.8104971e-02   2.2096858e-03  -1.2668205e-03   1.8993900e-03
   1.5405441e-03   1.0674678e-01   6.2340476e-02   1.7274931e-03  -1.0788373e-03   1.7571094e-03
  -3.7945317e-03   3.2955710e-02   2.7009887e-02   1.4547738e-03  -1.2036719e-03   1.9526804e-03
  -1.4800826e-03   7.1591550e-02   7.9693161e-02   1.0910416e-03  -1.1523020e-03   1.8958629e-03
  -3.6104821e-03   6.3975495e-02   4.3158860e-02   1.1558685e-03  -1.1571282e-03   1.8016803e-03
  -4.8064397e-03   1.7399785e-02   3.2969465e-02   1.7938311e-03  -1.1883102e-03   1.9392393e-03
  -7.5454314e-03   9.7905097e-02   5.4528322e-02   1.1319898e-03  -1.0917319e-03   1.7443226e-03
  -1.0110147e-02  -1.4162565e-02   1.1278147e-02   2.4323733e-03  -1.2136028e-03   1.9939802e-03
  -1.0219045e-02   7.1532301e-02   6.4196576e-02   1.3453536e-03  -1.0619556e-03   1.7730978e-03
  -2.0378352e-03   4.1050366e-02   3.9295556e-02   1.2275163e-03  -1.1631631e-03   1.7904788e-03
  -8.1141503e-03   6.2658945e-03   2.5420871e-02   1.8757298e-03  -1.0732536e-03   2.1355236e-03
  -1.3754245e-03   8.6523122e-02   4.0326491e-02   1.1989274e-03  -1.1017839e-03   1.9215276e-03
  -4.0532579e-03  -4.2826859e-02  -1.7289584e-02   3.1587236e-03  -1.2884512e-03   2.2361420e-03
  -5.8938046e-03   9.7440991e-02   4.7795295e-02   1.2046660e-03  -1.1731495e-03   2.2019010e-03
  -1.6108500e-03   6.0403115e-03   7.4489358e-03   1.8378987e-03  -1.3043346e-03   2.1504535e-03
  -4.2756034e-03   4.4219064e-02   5.4845843e-02   1.5908209e-03  -1.1495875e-03   1.9999176e-03
  -4.0935107e-03   3.4931377e-02   3.9775306e-02   1.5145857e-03  -1.3147136e-03   2.1186436e-03
  -4.2139864e-03   3.3415790e-02   2.2385802e-02   1.6134427e-03  -1.3666732e-03   2.2245070e-03
  -2.7879172e-03  -2.2528482e-03   1.8119715e-02   2.6625361e-03  -1.5228551e-03   2.0620555e-03
  -7.4368549e-03   3.4723174e-02   1.7613839e-02   1.6898245e-03  -1.1827077e-03   1.9629438e-03
   3.6503078e-04   3.4673112e-02   3.4336546e-02   1.7770909e-03  -1.3660209e-03   2.0195117e-03
  -1.9588892e-03  -2.5857555e-02   6.4450331e-03   2.5547353e-03  -1.4578424e-03   2.0887888e-03
  -2.8611229e-03   7.9214294e-02   3.9765953e-02   1.6882752e-03  -1.3196539e-03   1.8409242e-03
   1.4419014e-03  -5.3567403e-03  -9.2391668e-03   2.5721251e-03  -1.4271579e-03   2.2313597e-03
   8.9067167e-04   8.7831617e-02   3.7043787e-02   1.4558809e-03  -1.1548459e-03   2.2951303e-03
   4.6053100e-03  -1.1486809e-02   3.4981724e-03   2.2338730e-03  -1.2945305e-03   2.2925177e-03
  -4.5634881e-04   2.6811513e-02   3.4079715e-02   2.1942285e-03  -1.3435396e-03   2.1499073e-03
  -7.6501391e-04   5.1345546e-02   1.6132908e-02   1.8971517e-03  -1.5149811e-03   2.1247459e-03
  -8.5925206e-03  -5.6657795e-04  -2.1463823e-03   2.5304696e-03  -1.4642986e-03   2.3451242e-03
  -4.0855284e-03   4.9768984e-02   1.9105373e-02   2.4083357e-03  -1.4679736e-03   2.1693428e-03
  -1.2831654e-03  -3.0269578e-02  -8.9491358e-03   2.6149874e-03  -1.5493037e-03   2.3719352e-03
  -3.2826921e-03   4.7183247e-02   2.7697178e-02   2.3290345e-03  -1.2679021e-03   2.2974727e-03
   4.6035387e-03  -1.2815744e-02  -7.9961147e-03   2.4686801e-03  -1.5780530e-03   2.5575878e-03
  -5.9448439e-03   5.7445543e-02   3.7150729e-02   1.3492584e-03  -1.2847954e-03   2.6192289e-03
